F 0 0.0 0.0 0.0
Q 0 -0.10271656513214111 0.9803773164749146 -0.05812356621026993
F 1 1.5443581342697144 -0.22442840039730072 -2.49395751953125
Q 1 -0.10175495594739914 0.9805411696434021 -0.05700009688735008
F 2 3.0863256454467773 -0.4320177435874939 -4.990809440612793
Q 2 -0.0802459642291069 0.9840317964553833 -0.03189273923635483
F 3 4.616697788238525 -0.563016951084137 -7.4996209144592285
Q 3 -0.011137806810438633 0.992999792098999 0.048487115651369095
F 4 5.8147454261779785 -0.12428627163171768 -9.681981086730957
Q 4 1.1961636543273926 -0.1989564597606659 1.8680551052093506
F 5 4.407437801361084 1.155585527420044 -7.731597900390625
Q 5 0.867408812046051 -0.9381093382835388 2.5116147994995117
F 6 2.91884446144104 2.2235982418060303 -5.4298882484436035
Q 6 0.8680691719055176 -0.9655296206474304 2.5109410285949707
F 7 1.4853066205978394 3.299863815307617 -3.0972535610198975
Q 7 0.8995541930198669 -0.9763611555099487 2.471341371536255
F 8 0.11765657365322113 4.429642677307129 -0.7505040764808655
Q 8 0.9437336325645447 -0.9849556088447571 2.416105031967163
F 9 -1.1678845882415771 5.5931854248046875 1.6259329319000244
Q 9 0.9729843735694885 -1.0140182971954346 2.380147695541382
F 10 -2.3517298698425293 6.7085771560668945 4.076529502868652
Q 10 0.9809699058532715 -1.0779272317886353 2.3710436820983887
F 11 -3.379115343093872 7.6540303230285645 6.663015365600586
Q 11 0.9425368309020996 -1.2056682109832764 2.4150712490081787
F 12 -4.096736907958984 8.158805847167969 9.456477165222168
Q 12 -2.880915880203247 -1.6794644594192505 -0.026667268946766853
F 13 -4.125949859619141 7.628659248352051 12.29462718963623
Q 13 -1.7112983465194702 -1.0602962970733643 -1.159584403038025
F 14 -3.367368221282959 5.873775959014893 14.48556137084961
Q 14 -1.7377723455429077 -0.598677396774292 -1.1122857332229614
F 15 -2.348755121231079 3.478588819503784 15.811591148376465
Q 15 -1.7032482624053955 -0.2533102333545685 -1.1706570386886597
F 16 -1.5145225524902344 0.7143881916999817 16.09364891052246
Q 16 -1.6798315048217773 0.20233631134033203 -1.3605067729949951
F 17 -1.6048305034637451 -1.8029423952102661 14.77060317993164
Q 17 -1.8909144401550293 0.7983193397521973 -1.84336519241333
F 18 -2.5263383388519287 -3.479546070098877 12.554418563842773
Q 18 0.9817047715187073 2.1763827800750732 0.9342966675758362
F 19 -3.6975507736206055 -4.829009056091309 10.218063354492188
Q 19 0.9017168879508972 2.1739792823791504 0.8336410522460938
F 20 -4.9325714111328125 -6.2086262702941895 7.932857513427734
Q 20 0.9399107694625854 2.2275891304016113 0.8835082054138184
F 21 -6.139171600341797 -7.82723331451416 5.796785354614258
Q 21 1.0217851400375366 2.3185205459594727 0.9969902634620667
F 22 -7.287856578826904 -9.681758880615234 3.823988199234009
Q 22 1.0552152395248413 2.368769645690918 1.0470770597457886
F 23 -8.440075874328613 -11.560529708862305 1.8759510517120361
Q 23 1.023579716682434 2.3351948261260986 0.9993122220039368
F 24 -9.69799518585205 -13.11717414855957 -0.26559457182884216
Q 24 0.7947955131530762 2.161320209503174 0.6928609609603882
F 25 -11.100082397460938 -13.400891304016113 -2.75567626953125
Q 25 -0.29312625527381897 2.0966293811798096 -0.5766237378120422
F 26 -12.316214561462402 -12.022045135498047 -5.017311096191406
Q 26 -0.6928007006645203 2.363030195236206 -1.09561288356781
F 27 -13.353921890258789 -10.039937973022461 -6.92171049118042
Q 27 -0.7543287873268127 2.4869589805603027 -1.199265480041504
F 28 -14.339821815490723 -7.863397121429443 -8.636984825134277
Q 28 -0.7632688879966736 2.5438625812530518 -1.2197015285491943
F 29 -15.350115776062012 -5.626083850860596 -10.258099555969238
Q 29 -0.7518555521965027 2.5675857067108154 -1.201351523399353
F 30 -16.44434928894043 -3.4051711559295654 -11.846614837646484
Q 30 -0.7249152660369873 2.5698981285095215 -1.151792049407959
F 31 -17.661808013916016 -1.2561757564544678 -13.444252014160156
Q 31 -0.6965049505233765 2.5587990283966064 -1.0983939170837402
F 32 -18.947996139526367 0.8217512369155884 -15.081965446472168
Q 32 -0.688917875289917 2.531726360321045 -1.081851840019226
F 33 -20.11610984802246 2.852977752685547 -16.85141944885254
Q 33 -0.8177561163902283 2.4034347534179688 -1.2731420993804932
F 34 -18.6574649810791 3.1465063095092773 -17.77704620361328
Q 34 0.9531134366989136 -0.21252648532390594 -0.45832082629203796
F 35 -16.164270401000977 1.7442107200622559 -17.101543426513672
Q 35 0.9728884100914001 -0.3226512670516968 -0.5486122965812683
F 36 -13.766027450561523 0.2540496289730072 -16.276020050048828
Q 36 0.9803500771522522 -0.35276612639427185 -0.5745884776115417
F 37 -11.4100980758667 -1.269421935081482 -15.390904426574707
Q 37 0.9844879508018494 -0.3679700791835785 -0.5879709720611572
F 38 -9.078266143798828 -2.810723066329956 -14.47327709197998
Q 38 0.9870139956474304 -0.3768138289451599 -0.5958451628684998
F 39 -6.759478569030762 -4.361959934234619 -13.539410591125488
Q 39 0.988709568977356 -0.3767785429954529 -0.601186215877533
F 40 -4.470339775085449 -6.011129856109619 -12.73643684387207
Q 40 1.0165177583694458 -0.1920214593410492 -0.7301318049430847
F 41 -2.9146339893341064 -8.279430389404297 -13.416714668273926
Q 41 0.9422494173049927 0.40428221225738525 -1.1395050287246704
F 42 -1.78737473487854 -10.627897262573242 -14.782504081726074
Q 42 0.9608400464057922 0.4536162316799164 -1.0997562408447266
F 43 -0.51603102684021 -12.783414840698242 -16.322940826416016
Q 43 1.027390718460083 0.5508155822753906 -0.9729815721511841
F 44 1.0263361930847168 -14.429216384887695 -18.184293746948242
Q 44 1.2585288286209106 0.7371874451637268 -0.6130211353302002
F 45 2.8589353561401367 -14.614959716796875 -20.375181198120117
Q 45 1.9710402488708496 0.8005253672599792 0.33421003818511963
F 46 4.542181015014648 -13.174728393554688 -22.262582778930664
Q 46 2.3066763877868652 0.5739023089408875 0.820995569229126
F 47 5.984988689422607 -10.972491264343262 -23.537736892700195
Q 47 2.4070236682891846 0.29780516028404236 1.0100497007369995
F 48 7.155550956726074 -8.403718948364258 -23.476276397705078
Q 48 2.424283504486084 -0.5124703645706177 1.2112430334091187
F 49 6.831969738006592 -6.48994255065918 -21.426044464111328
Q 49 1.7277380228042603 -0.7492215633392334 2.1812050342559814
F 50 4.878389835357666 -4.6403913497924805 -20.485851287841797
Q 50 1.5956363677978516 -0.04582909494638443 2.395111083984375
F 51 2.6113100051879883 -2.8363230228424072 -20.92919158935547
Q 51 1.600189208984375 0.21400785446166992 2.480917453765869
F 52 0.21640518307685852 -1.4182392358779907 -21.85578155517578
Q 52 1.6618701219558716 0.3371298015117645 2.6859183311462402
F 53 -2.387927770614624 -1.0232058763504028 -23.008827209472656
Q 53 -1.2093710899353027 2.7769408226013184 0.2260318398475647
F 54 -4.306567192077637 -2.9771180152893066 -23.662918090820312
Q 54 2.1642367839813232 0.06579136848449707 -2.105257511138916
F 55 -5.4567975997924805 -5.676447868347168 -23.61545181274414
Q 55 2.1792681217193604 -0.11599903553724289 -2.0230395793914795
F 56 -6.8583760261535645 -8.147953987121582 -23.006025314331055
Q 56 -0.8474315404891968 -2.7787227630615234 0.7236835360527039
F 57 -9.234298706054688 -8.54903507232666 -21.7474365234375
Q 57 -0.3273003399372101 -2.718749761581421 -0.4462812542915344
F 58 -11.459132194519043 -7.011538982391357 -20.632902145385742
Q 58 -0.2043425589799881 -2.8147635459899902 -0.7715018391609192
F 59 -13.43437671661377 -5.057448863983154 -19.6715145111084
Q 59 -0.17301496863365173 -2.853243589401245 -0.8718922138214111
F 60 -15.283260345458984 -2.9484920501708984 -18.784982681274414
Q 60 -0.1584881693124771 -2.874375104904175 -0.9231390357017517
F 61 -17.055248260498047 -0.7562519311904907 -17.943483352661133
Q 61 -0.1502094864845276 -2.8876304626464844 -0.9541531801223755
F 62 -18.77811050415039 1.4855722188949585 -17.130586624145508
Q 62 -0.14564856886863708 -2.895373582839966 -0.9719138741493225
F 63 -20.479877471923828 3.747901678085327 -16.32992935180664
Q 63 -0.14477162063121796 -2.8969008922576904 -0.9753890037536621
F 64 -22.18037223815918 6.011419296264648 -15.53000259399414
Q 64 -1.5451630353927612 -0.5636809468269348 -0.20676250755786896
F 65 -22.18037223815918 6.011419296264648 -15.53000259399414
Q 65 -1.5451630353927612 -0.5636809468269348 -0.20676250755786896
F 66 -22.18037223815918 6.011419296264648 -15.53000259399414
Q 66 -1.5451630353927612 -0.5636809468269348 -0.20676250755786896
F 67 -22.18037223815918 6.011419296264648 -15.53000259399414
Q 67 -1.5451630353927612 -0.5636809468269348 -0.20676250755786896
F 68 -22.18037223815918 6.011419296264648 -15.53000259399414
Q 68 -1.5451630353927612 -0.5636809468269348 -0.20676250755786896
F 69 -22.18037223815918 6.011419296264648 -15.53000259399414
Q 69 -1.5451630353927612 -0.5636809468269348 -0.20676250755786896
F 70 -22.18037223815918 6.011419296264648 -15.53000259399414
Q 70 -1.5451630353927612 -0.5636809468269348 -0.20676250755786896
F 71 -22.18037223815918 6.011419296264648 -15.53000259399414
Q 71 -1.5451630353927612 -0.5636809468269348 -0.20676250755786896
F 72 -22.18037223815918 6.011419296264648 -15.53000259399414
Q 72 -1.5451630353927612 -0.5636809468269348 -0.20676250755786896
F 73 -22.18037223815918 6.011419296264648 -15.53000259399414
Q 73 -1.5451630353927612 -0.5636809468269348 -0.20676250755786896
F 74 -22.18037223815918 6.011419296264648 -15.53000259399414
Q 74 -1.5451630353927612 -0.5636809468269348 -0.20676250755786896
F 75 -22.18037223815918 6.011419296264648 -15.53000259399414
Q 75 -1.5451630353927612 -0.5636809468269348 -0.20676250755786896
F 76 -22.18037223815918 6.011419296264648 -15.53000259399414
Q 76 -1.5451630353927612 -0.5636809468269348 -0.20676250755786896
F 77 -22.18037223815918 6.011419296264648 -15.53000259399414
Q 77 -1.5451630353927612 -0.5636809468269348 -0.20676250755786896
F 78 -22.18037223815918 6.011419296264648 -15.53000259399414
Q 78 -1.5451630353927612 -0.5636809468269348 -0.20676250755786896
F 79 -22.18037223815918 6.011419296264648 -15.53000259399414
Q 79 -1.5451630353927612 -0.5636809468269348 -0.20676250755786896
F 80 -22.18037223815918 6.011419296264648 -15.53000259399414
Q 80 -1.5451630353927612 -0.5636809468269348 -0.20676250755786896
