-0.70639818621471 0.014148003729576978 -0.7069051863483611 0.0329620086891657
-0.7063811228502836 0.014170002464376193 -0.7069221229443717 0.032955005731370314
-0.7055369187323819 0.01442499833844945 -0.7077759184744816 0.032600996244838164
-0.7055307361050966 0.014574994548406495 -0.7077827352627647 0.03251998783630732
-0.7054457921725256 0.01463799568758123 -0.7078597914613507 0.032656990379105084
-0.705488836057818 0.014598996607470965 -0.7078178355166027 0.03265399241183348
-0.7063390891082134 0.014370001812847692 -0.7069550891859249 0.033062004170937395
-0.7068128346772041 0.017572995889694312 -0.7062818348014044 0.03567599165542221
-0.7063426609704373 0.014190993188622915 -0.7069576606752503 0.033007984156864574
-0.706379760135372 0.014299995144165774 -0.7069167599530235 0.033042988779627254
-0.7063089642992612 0.014291999277603768 -0.7069889642648902 0.03301499833124045
-0.7063186302398219 0.014360992481972142 -0.7069776298948333 0.033020982713404506
-0.7063890735570044 0.014315001490635497 -0.7069060736108402 0.03306600344319618
-0.7064788821628647 0.014469997586476954 -0.7068068821081559 0.03319999446240739
-0.7068570550464952 0.017770001383838913 -0.7062250549972783 0.03582600278995007
-0.7064028319881109 0.014331996591256838 -0.7068948318710929 0.03300499215004409
-0.7063598383252001 0.014337996718255166 -0.7069338381938204 0.03308699242690115
-0.7063868542709941 0.01439899702945842 -0.7069048541641297 0.03310299317078701
-0.706827804437384 0.017892995049429438 -0.706243804598963 0.03597199004739707
-0.7063110245686763 0.014426000501801223 -0.706985024592121 0.032997001147784207
-0.7062799206519274 0.014239998400186108 -0.7070219205685663 0.03295299629784641
-0.7067490467479173 0.01784800118055608 -0.7063260467199379 0.035927002376391654
-0.7063763115872512 0.014321006317090367 -0.7069193118267721 0.03305301457990279
-0.7062759796521892 0.014363999586173177 -0.7070179796308123 0.033067999047310954
-0.7063995323675495 0.014414990457358758 -0.7068915320418485 0.03310997808138387
-0.7063819949935176 0.014248999899010214 -0.70691499498974 0.033054999765722695
-0.7062550188958532 0.014244000381098234 -0.70704801891707 0.03292500088090841
-0.7061681509469893 0.014331003063323888 -0.7071291511524079 0.03300800705562731
-0.7067267888088653 0.017788994684115513 -0.7063487889218231 0.03594698925796281
-0.7063088299794779 0.014296996558470294 -0.706987829816031 0.03303999204671319
-0.7063031714406365 0.0142860034676349 -0.7069941716083626 0.0330300080173583
-0.7062838638673299 0.014227997257624934 -0.7070148637264333 0.03302499363459822
-0.7062380526677048 0.014214001060009166 -0.7070630527292291 0.0329790024594092
-0.7063086783305029 0.01436999345556878 -0.7069846780226369 0.03307898493505634
-0.7068138034881197 0.017520995128726007 -0.7062818036360289 0.035682990079238065
-0.7062697037209807 0.014225994032218095 -0.7070297034021622 0.03301098615194373
-0.706212009739723 0.014218000196087552 -0.707090009751832 0.03295700045452648
-0.7062242834597693 0.01422600570994285 -0.7070762838017397 0.03298501323931287
-0.7062330123400096 0.014372000251121963 -0.7070660123545646 0.03295500057582273
-0.7062891954436669 0.01413300391087125 -0.7070141956442882 0.032966009122322344
-0.7063216681207157 0.014173993340067314 -0.7069776678124813 0.03303598447738562
-0.7061978261503592 0.014337996470315478 -0.7071048259270767 0.03289099190299528
-0.7062967798296705 0.014276995549504255 -0.706995779611775 0.03313598967068523
-0.7062938371639746 0.014257996712819238 -0.7070058369998231 0.03299199239369703
-0.7062883385844695 0.0143550068815838 -0.7070083389296272 0.033014015826444275
-0.706299854393828 0.014382997034895127 -0.7069928542509636 0.03308699317900125
-0.706199035286295 0.014180000708525023 -0.7071050353315647 0.032929001645347004
-0.7062296960395105 0.014364993817322355 -0.7070676956788363 0.03299298579985496
-0.7062061959210466 0.014198003938917285 -0.7070971961682346 0.03293600913735594
-0.7063070794033994 0.014293001606826476 -0.7069900794801827 0.03303100371336216
-0.7063251587667275 0.014235003199723026 -0.7069721589121593 0.03305300742960626
-0.7062577004013096 0.014227993964400873 -0.7070417000687322 0.03300998599696885
-0.7062910966905515 0.01423000194807317 -0.7070110967891187 0.03295000451082298
-0.7063287682542754 0.014181995346902272 -0.706971768043308 0.033006989170441633
-0.7063681076381464 0.014347002186232227 -0.7069191077221091 0.03322100506230019
-0.7062878264121308 0.01421799650557234 -0.7070108262344356 0.03303099188180897
-0.7062379777249014 0.014208999551841055 -0.7070659776987859 0.032919998961686785
-0.7063351680350375 0.01418100337361856 -0.7069621681841989 0.03307600786868398
-0.7062939806189402 0.014153999611607179 -0.7070049805994301 0.033051999093036626
-0.7063062553915593 0.014135005111042086 -0.7069922556396084 0.03307001195770511
-0.7062519586143426 0.014094999174047168 -0.7070499585675806 0.03301299806547138
-0.7062330750309121 0.014051001492792528 -0.7070720751200483 0.0329620035019164
-0.7063619467046399 0.014418998912079362 -0.7069139466629913 0.03342999747769007
-0.7063179839609315 0.014055999680816365 -0.7069839839458079 0.03302999924995478
-0.7062720002058782 0.014162000004128221 -0.7070300002060993 0.032983000009614544
-0.7063097728278586 0.014151995448259055 -0.706993772607862 0.03295498940060607
-0.7061873375929374 0.0141490067639343 -0.7071173380375243 0.03292901574171974
-0.7063021988791885 0.014146003983204071 -0.7070001990757301 0.03298200928700952
-0.7063399342418741 0.014282998670295735 -0.7069519341848989 0.033148996913927975
-0.7062847930080867 0.01408999587062438 -0.7070167927935583 0.0330229903219041
-0.7063859741766485 0.014386999474054472 -0.7068899741582237 0.03344299877742432
-0.7062719551453759 0.014214999097219653 -0.7070279550973632 0.03300499790388566
-0.7062605446753861 0.014148990878176818 -0.7070425441712327 0.03296497874755098
-0.7062139254146327 0.014092998511596228 -0.7070909253220101 0.032949996520052205
-0.7062729369040507 0.014187998732493908 -0.7070279368366016 0.03299599705225324
-0.7063165193584822 0.014089990411898644 -0.7069855189032345 0.03301397753430957
-0.7062499687152459 0.014330999365179736 -0.7070469686799411 0.033017998537401755
-0.7067408505533023 0.01757399628382071 -0.7063548506349254 0.03565599246022029
-0.7062164047503929 0.013893007962432471 -0.7070984052558896 0.0328210188105518
-0.7062529247056735 0.014065998500409915 -0.7070509246205979 0.03298399648354334
-0.7062561806169194 0.014163003622025766 -0.7070471808192086 0.032953008427354026
-0.7062579024774437 0.014122998049847135 -0.7070429023690481 0.033024995439793356
-0.7062436708488578 0.014288993340487607 -0.7070546704708842 0.033005984617267406
-0.7062629949830608 0.014281999898547813 -0.7070349949775768 0.03301699976546374
-0.7062779980849272 0.014076999961830214 -0.7070229980829071 0.03304099991040933
-0.7062588933132459 0.014151997862213515 -0.7070418931949666 0.03301299501309036
-0.7062066266604344 0.01402799258403354 -0.7071006261878172 0.03292598259351927
-0.7062369003446836 0.014125998006715875 -0.7070669002275644 0.03295899534923889
-0.7062007543735336 0.014200995060695965 -0.7071007540605011 0.032974988530839335
-0.706225118790253 0.014087002369497389 -0.7070791189338996 0.032966005545030944
-0.7062708792820729 0.014111997587935243 -0.7070298791523424 0.03303099435424384
-0.706215004936796 0.014060000098286429 -0.7070870049428917 0.03302500023086126
-0.7062228254715278 0.013968996547849293 -0.7070868252580079 0.03289999186944246
-0.7062298212034656 0.014086996433588518 -0.7070758209892835 0.032935991661579574
-0.7062396088214045 0.014046992219520658 -0.7070666083633382 0.03294098175434114
-0.7061831820526354 0.013975003602728443 -0.7071271822959968 0.03288100847665932
-0.7063070039277732 0.014254000079266494 -0.7069770039314991 0.03332800018533701
-0.7062877357082382 0.014253994666177574 -0.7069957354433057 0.03333898752460321
-0.7062354251164233 0.01417900853501422 -0.7070664256166418 0.032978019851026094
-0.7062300321620696 0.014143000644079334 -0.707069032200278 0.03305300150525025
-0.7063461418653988 0.014320002876086946 -0.7069301419826917 0.033464006721045644
-0.7067202896037866 0.017587007206902018 -0.7063742894620006 0.03567201461787735
-0.7062747247856284 0.014195994468240814 -0.707019724495324 0.03312998709022388
-0.7062382844523574 0.014218005726601536 -0.7070592847830325 0.033053013312797905
-0.7062820942784247 0.014203001895894936 -0.7070140943761362 0.03309000441703608
-0.7062226459417212 0.014111992925081127 -0.7070796455120724 0.032996983457263464
-0.7061269655480662 0.014188999307718742 -0.7071789654967392 0.03288299839563855
-0.7062191937155983 0.014036003850069364 -0.7070881939539646 0.03292000902994325
-0.7061579908940927 0.014035999819005782 -0.7071489908813138 0.03292699957540634
-0.7062680395481863 0.014178000793911355 -0.7070300395908553 0.03306000185122791
-0.7062130258223267 0.014245000520861334 -0.7070860258542475 0.03300900120695765
-0.7062002759163858 0.014204005549584172 -0.7070982762672395 0.03303701290774516
-0.7062040619747058 0.014263001251685387 -0.7070960620529854 0.032978002894067215
-0.706229002257461 0.014039000044875663 -0.707074002260162 0.03301300010552606
-0.7063021139795128 0.014083002272644675 -0.7069991140919912 0.033034005330863044
-0.7062262461559072 0.014087004910040505 -0.7070772464525242 0.03298201149591509
-0.7062438723386628 0.014010997467358314 -0.7070608721909812 0.03298799403705775
-0.706140947751927 0.014045998960722528 -0.7071639476762343 0.032966997560738974
-0.7061993035174638 0.01404300603554486 -0.7071033039059943 0.03301901419124516
-0.7061869670246003 0.014053999343748515 -0.7071159669812206 0.033006998458738245
-0.7061775379496004 0.014059990800579148 -0.7071235373306352 0.033043978379398105
-0.7062883128338797 0.014173006277601454 -0.7070073131523441 0.03311501466752079
-0.7062140431440296 0.014168000865551535 -0.7070860431973018 0.03302000201725802
-0.7062447882685504 0.014099995772835999 -0.7070567880251137 0.03301799010124106
-0.706184156745359 0.013934003092805602 -0.7071251569542243 0.03292100730718051
-0.7062133347399033 0.013985006628789824 -0.7070953351579651 0.032914015601000234
-0.7061698165233352 0.013976996368504266 -0.7071388162715703 0.03291699144752486
-0.7062048428260084 0.014066996869228424 -0.7071028426261482 0.03289999267772909
-0.7062690394415956 0.014086000786632734 -0.7070370394844846 0.03292800183886431
-0.7062629105366234 0.014080998216338948 -0.7070419104379463 0.03295699582528817
-0.706219826781247 0.014017996561722295 -0.7070878265683476 0.0329219919250265
-0.7063059986354169 0.014347999972279665 -0.7069899986340954 0.03303199993618218
-0.7063486526810362 0.014097993067870483 -0.7069396523904355 0.03330398362408559
-0.7061997899246611 0.014079995811582029 -0.7071047896554481 0.03296099019499682
-0.7062354126919619 0.013989008174542265 -0.7070724131810672 0.03293101924339491
-0.7063229920775282 0.014053999842363312 -0.7069779920701814 0.033051999629272244
-0.7063366376232635 0.014209992709749842 -0.7069576373046677 0.03312898300361031
-0.7062468577862625 0.014284997123494701 -0.7070488576247675 0.033063993342053115
-0.7062732070881631 0.013861004064220249 -0.7070382073124708 0.0329090096493344
-0.7062926891172189 0.014063993809572751 -0.7070126888003029 0.03295298549536767
-0.7062959364983479 0.014005998740748721 -0.7070079364343332 0.03300999703213732
-0.7063042898447384 0.0138720056926284 -0.7070082901336375 0.032880013492908144
-0.7062420901281494 0.013783001758938556 -0.707075090234454 0.03281700418799148
-0.7051839702997673 0.009702999591338773 -0.7082119701722369 0.03251499863056583
-0.705188988398936 0.00963399984151107 -0.7082109883492211 0.03244799946619796
-0.7059092544556252 0.011642004196535797 -0.7074602550147068 0.032505011716921155
-0.7058667834492803 0.011689996413661622 -0.7075007829479907 0.032527990020837054
-0.7058880067348774 0.011633000110990454 -0.7074810067500763 0.03251800031025424
-0.7063167475656179 0.013941995017194609 -0.7069927473240187 0.03291698823561864
-0.7062764175666327 0.014121008348660327 -0.7070234180082763 0.03304701953814729
-0.7069159704572753 0.01756599926589934 -0.7061669704885768 0.03590899849932708
-0.7059372012450763 0.011542003290337057 -0.7074312016709785 0.032566009283756414
-0.7062361031034162 0.013892002028093523 -0.7070761032260479 0.03287800479986027
-0.7059909578929355 0.01169199930265995 -0.7073719578105693 0.03263399805362683
-0.7063241567135706 0.013952003095559176 -0.7069801568591189 0.033024007327103366
-0.7063082070090776 0.013942004086206808 -0.707000207211893 0.032940009654257085
-0.7058551344234175 0.011570002203397215 -0.7075131347391679 0.03255500619979225
-0.7058333178329326 0.011703005269800093 -0.7075273185957319 0.03267201471203184
-0.7058370768123712 0.011754001279123382 -0.7075250769960669 0.03262100354996459
-0.7058693653432547 0.012012006217163773 -0.7074813661775927 0.032776016964182475
-0.7058398285681138 0.01190199710928495 -0.7075178281605671 0.032664992066442015
-0.7063657597682246 0.014484995073719194 -0.706916759580832 0.03326098868808934
-0.7061779241790926 0.014309998463564167 -0.7071139240785963 0.033133996442469255
-0.7059576413054843 0.011801994003449676 -0.7073996405728098 0.03271498337763567
-0.7058989216003995 0.011638998707332137 -0.707465921426363 0.03260699637855305
-0.7059458443753146 0.01172999741413995 -0.7074158440512556 0.0326449928034611
-0.7060089925480751 0.01208599987243227 -0.7073429925339948 0.032727999654555966
-0.7063391512685494 0.014712003150700863 -0.7069371513966162 0.033293007129981234
-0.7062475813351453 0.014055991667582498 -0.7070575808549762 0.03295998046126346
-0.7059558364258158 0.011771997272357913 -0.7074038360903057 0.03267399242924079
-0.7063691401062138 0.014724002920462097 -0.706900140211536 0.03343700663213062
-0.7063022185564266 0.014539004498913901 -0.7069702187631309 0.03345001035068918
-0.7064090225506956 0.014678000468565818 -0.706858022565029 0.03350500106958017
-0.7058618815885029 0.012289997938297716 -0.7074688813189216 0.03310199444699194
-0.7059363293599658 0.0121640056752094 -0.7074023300439395 0.03298301538847679
-0.7059549833172251 0.011996999716492906 -0.7073949832831957 0.03280199922483956
-0.7059148403383171 0.011664997361646189 -0.7074498399911356 0.032601992626179944
-0.7059026538981313 0.011749994239014487 -0.707461653133759 0.03257898402662578
-0.7058499883566516 0.011842999804643798 -0.7075189883291206 0.032440999464869495
-0.706280081610315 0.014353001658482259 -0.7070240816962838 0.03285400379626393
-0.7062662774020259 0.014287005611544014 -0.7070292777017115 0.033067012987815905
-0.7058553916842065 0.014586008093880238 -0.7074663925781625 0.032353017952921115
-0.706269860728541 0.014424997155491816 -0.7070448605757166 0.032593993572693256
-0.7061946772193196 0.013467993844178728 -0.7071836767672772 0.031605985553839686
-0.704487711156223 0.011104995446891724 -0.7090307092935692 0.029140988052037076
-0.6985437088348183 0.006692997210242216 -0.714984701981926 0.028084988293687826
-0.6993097084924591 -0.013942994187857114 -0.7143957022038565 0.020255991556281553
-0.6954713010758506 -0.054746023700051515 -0.7164653101643482 4.0000017316371254e-05
-0.693918746325905 -0.06455797639970628 -0.7166507380158292 -0.02684699018561471
-0.6929949407815058 -0.10114399135694287 -0.7115289391977201 -0.057047995125077876
-0.6900148860633714 -0.1293209786462631 -0.7055028835059624 -0.09706298397276726
-0.6854017377595194 -0.15964193891964892 -0.6982597328399421 -0.1310429498618631
-0.6808179755797406 -0.18294199343805376 -0.6932309751344987 -0.1498329946256404
-0.6810381692223422 -0.18959104710902047 -0.6880361709611849 -0.163855040714214
-0.6793617561791476 -0.19046893164128412 -0.6887047528259748 -0.16695794007930695
-0.6793352767058823 -0.18937907713761734 -0.6935762825065085 -0.14693905985100963
-0.6819526247819266 -0.17752690232268364 -0.7009026143554273 -0.11027393932602711
-0.6868312917021193 -0.15383806533611707 -0.7072343003674219 -0.06645502822392166
-0.6884418698511094 -0.12006097730265447 -0.7149838648333855 -0.020765996074219962
-0.6903680896246267 -0.0839850109030608 -0.7182720932471667 0.02058200267198663
-0.6900008640998583 -0.041141991896818074 -0.7201078581700907 0.06042198809949788
-0.6846048916219196 -0.0073589988350153835 -0.7217898857352567 0.10139698394809822
-0.6788920434487526 0.02360400151064434 -0.7210360461459479 0.13658500874137255
-0.6744562224731313 0.052359017270912675 -0.7161762362347095 0.1716360566151066
-0.6626762142359653 0.08509402750996752 -0.7156832313725536 0.2035110657928996
-0.6539213208171483 0.11377005581617192 -0.710300348476988 0.2343431149699321
-0.6484167850433873 0.12306095920406818 -0.7025567670954447 0.26613091177495607
-0.6442939971786366 0.13210499942151221 -0.6932039969644597 0.29479099870911024
-0.6381128640133773 0.13501397122751316 -0.6904228528657275 0.3128889333210287
-0.6304169378235565 0.14877398532679445 -0.6859069323507173 0.3316209672930546
-0.6407602528052797 0.12824605059814267 -0.6833622696134615 0.3255691284499065
-0.6623699712607611 0.10474199545540204 -0.6852719702670778 0.28407298767449946
-0.6867718731347039 0.08181498488656468 -0.6857458733242336 0.22672295811815196
-0.6980286883100174 0.08318796285417043 -0.6893316921934775 0.17509292181595018
-0.706341059861701 0.07513000636719318 -0.6919400586412305 0.1290610109377921
-0.7116117075269367 0.09069096272593129 -0.6915487157728446 0.0845239652605729
-0.7087939185078416 0.13733498421018578 -0.6911339205382644 0.03292699621428468
-0.6991811400529883 0.15723703149615292 -0.6973791396920294 0.009197001842251624
-0.6886698179735724 0.16585195616268014 -0.7057818134505989 -0.00995199736952821
-0.6797382677472571 0.1826940719627524 -0.7092862793861473 -0.038623015213512135
-0.673955654846842 0.20681989408125137 -0.7037586395838284 -0.08793795496430269
-0.6713956874502738 0.22254589639990202 -0.693527677147337 -0.13682293630585945
-0.6683029048894763 0.23461396661056377 -0.6832619027605643 -0.17742797474907343
-0.6648660516039131 0.2434110188924687 -0.6752060524064575 -0.206884016057407
-0.661317876786902 0.24416295450890546 -0.6710058749818877 -0.22976995719052934
-0.6612549729814531 0.22996299060382738 -0.6772379723283957 -0.22629099075386344
-0.6610291381336209 0.2070820432734214 -0.6977221458012677 -0.1825960381566416
-0.6591377634144068 0.17645193666576484 -0.7213097410988986 -0.11880395735746564
-0.6562867474576266 0.14041894596609786 -0.7396077153953078 -0.050503980565819485
-0.6608649085667029 0.08182898867863289 -0.7457588968212808 0.020130997214796206
-0.6604208408402475 0.04575298897364537 -0.7449358204723512 0.08259298009530067
-0.653307950953234 0.02936999779506218 -0.7430319442172504 0.14223098932207998
-0.6457190974148047 -0.008164001231641727 -0.7351871109121739 0.20610703109382433
-0.6343429994725438 -0.04227399996484917 -0.7243469993977054 0.2667269997782165
-0.6243609436832699 -0.06432399419804032 -0.7136259356316572 0.31108497194044793
-0.6226678614529915 -0.0653169854666131 -0.7050868431143168 0.33297292591170086
-0.6262471506018116 -0.054708013156348705 -0.7072561700831059 0.3234350777806471
-0.6286557576953721 -0.039247984872534364 -0.724774720647959 0.2792008923867832
-0.6373668251103914 -0.021820994012450995 -0.7366827978586882 0.22491293828524772
-0.6570697879856254 -0.0021669993007820327 -0.7324397636662631 0.17828794247246288
-0.6907269202224269 0.014288998349649366 -0.706188918436597 0.1548849821110954
-0.7250738747924415 0.037345993551001024 -0.6727228838325406 0.1425379753861882
-0.7610966058593748 0.04472197684032778 -0.6337746717941671 0.13061993235730995
-0.7965336088431506 0.052411974261848474 -0.590847709850123 0.11698794255027721
-0.8313586171120577 0.06635196944114305 -0.542722750045296 0.09945995419303245
-0.8579571721624222 0.05672001138175058 -0.504076101150693 0.0812380163016688
-0.876891709064917 0.05381798214427284 -0.473403842934099 0.06366597887690502
-0.8935780583265225 0.0616480040239503 -0.44097902878402506 0.05705500372415138
-0.909603853387334 0.05827299060738531 -0.40771493428328903 0.054713991181035475
-0.9252969689030827 0.04980599832614494 -0.37272898747351074 0.049172998347418485
-0.9399297749084643 0.056772986404177155 -0.3326819203303413 0.05129898771507378
-0.9544445018287768 0.046018975980447775 -0.29145384787599526 0.04441397681817527
-0.9656670808780012 0.029398002462185702 -0.25579202142347796 0.03454400289318126
-0.9743608762625099 0.01894299759436259 -0.22282397170280574 0.02472899685957834
-0.9810452958916448 -0.0010370003127681562 -0.19351705836639851 0.010010003019102452
-0.984874440291664 -0.013620006088872753 -0.17272907721915579 -0.001224000547193851
-0.9881771089549317 -0.021585002379930118 -0.15164801672048378 -0.006555000722744587
-0.9902078317513262 -0.027237995371924506 -0.13624597685010745 -0.013548997697856127
-0.9897479974598118 -0.024562999936959064 -0.13995599964080294 -0.014417999962996204
-0.9854035759607318 -0.0055049976310871775 -0.169675926984986 -0.012631994564194955
-0.972349484005381 0.00825199562093115 -0.23294587638311046 -0.01430399240933097
-0.9522451559006375 0.01381600226194226 -0.30488404991531587 -0.009165001500485003
-0.9257055360110447 0.038608980648121995 -0.37624281141680344 0.00446699776101844
-0.8925078031940185 0.05079198879991057 -0.4479829012157493 0.012700997199316118
-0.8597079104949543 0.037829996061481484 -0.5090129470061558 0.019416997978477027
-0.8114121490584539 0.02259500415075913 -0.5826351070315355 0.040449007430584466
-0.762789232371189 0.019242005861760485 -0.6441521962303679 0.05338801626378073
-0.7196218856081944 0.02092199667421875 -0.6914728900827866 0.05976499049969809
-0.6830138429809411 0.009454997826376616 -0.7278108326824951 0.06077898602742934
-0.6461811063759579 0.009813001615440993 -0.760808125246146 0.05936900977347562
-0.6168025869993033 -0.0009749993471567433 -0.7846464746138432 0.06231795827293736
-0.5977439046168174 -0.0028819995401136063 -0.7984718725862565 0.0716699885634775
-0.5828399668428181 -0.0026089998515766116 -0.8081189540269221 0.08505599516124963
-0.5788459268798977 3.999999494718096e-05 -0.8108268975759473 0.08658598906241526
-0.5817500392143171 0.008662000583883823 -0.809400054559636 0.07977100537716422
-0.5812358054252437 0.01271399574385714 -0.8097017289438897 0.07991497324762807
-0.5831150655855791 -0.011779001324837357 -0.8084960909351986 0.07856300883633563
-0.5894569112581529 -0.01067199839334677 -0.8048498788310672 0.06814198974132643
-0.5998231872771247 -0.019005005933753382 -0.7978982491202292 0.05665101768761183
-0.6075439626014175 -0.026284998381974407 -0.7920679512426747 0.05317699672658372
-0.6105341045295529 -0.016298002790381298 -0.7905021353418822 0.04570400782498385
-0.6126871226057514 -0.011416002284473571 -0.7890561578992271 0.043296008664030106
-0.6093589780694754 -0.004288999845641043 -0.7917009715070784 0.04327599844251848
-0.6104251355861201 -0.013760003056337818 -0.7908321756576853 0.04214600936136728
-0.6117779598340253 -0.032154997888879766 -0.7891359481896756 0.04425199709465735
-0.6071948358005732 -0.03467399062335671 -0.7920957857991103 0.05192698595775058
-0.6072187385101113 -0.012770994500357584 -0.7929376585329686 0.048704979025911525
-0.6139596011848657 -0.024529984065842655 -0.7887324876561058 0.01878698779637122
-0.6176930395502689 -0.020269001297803922 -0.7861160503342262 0.008126000520299702
-0.6176560851420443 -0.012841001770093695 -0.7862801083863616 0.009983001376126887
-0.6191449285934003 -0.017861997939958033 -0.7849079094757911 0.016126998140057282
-0.6203047819594957 -0.022230992185685347 -0.7836637245379391 0.024472991397610434
-0.6220211770838562 -0.06097101735790237 -0.7787062216906845 0.05467001556406362
-0.6257658580735036 -0.06258798580476478 -0.7749048242481187 0.0634219856156099
-0.6310481968182838 -0.04027301256079212 -0.7728532410460077 0.053424016662472575
-0.6357941322827051 -0.009271001928915591 -0.7708731603871156 0.03787400788002902
-0.6367421051716573 -0.00834000137753065 -0.7705421272716094 0.027473004537757743
-0.6402068155186706 -0.022059993643215203 -0.7676497787948392 0.01903699451431948
-0.6397622685680984 -0.06804202856360732 -0.764809321062049 0.03378201418147295
-0.6402740732275096 -0.062455007142917116 -0.7649150874825786 0.0324560037119609
-0.6428181421341779 -0.0701420155091729 -0.7623371685611523 0.02658900587912233
-0.6404559388652813 -0.07027499329190084 -0.7644819270263811 0.02109499798637706
-0.63642030206774 -0.05055702399616406 -0.769144365063307 0.028812013675207766
-0.6326690060767859 -0.025403000243995815 -0.7732520074270856 0.03414600032797234
-0.6321158184215967 -0.021113993934900543 -0.7733227778591973 0.044222987296727606
-0.627662254572644 -0.021447008698661854 -0.7754113144979757 0.06570702665001979
-0.635517945722639 -0.010024999143799947 -0.7710579341466434 0.03854999670757985
-0.6424638885052203 -0.04707199183100957 -0.7621458677353121 0.06448298880946188
-0.649229015584418 -0.06923500166195162 -0.7550390181243344 0.06020200144511896
-0.6598560726085867 -0.12149801336927764 -0.7413690815780342 0.014145001556473623
-0.6780802524730578 -0.13273104942042446 -0.7225952690475596 -0.021112007860740908
-0.6868487905739975 -0.1317959598142977 -0.7129857826046075 -0.050197984694210114
-0.6926641029073817 -0.13510202007177086 -0.7065571049714305 -0.05235400777810463
-0.7008908522974314 -0.1657139650781884 -0.6917248542290324 -0.05298698883376159
-0.7042469135892611 -0.19307797630943027 -0.6805749164938031 -0.05979099266367554
-0.7028948792518077 -0.2336279598657571 -0.6696378849649265 -0.05423899068244731
-0.7043050391600656 -0.20225001124530323 -0.679707037792392 -0.032368001799693326
-0.6981301327710994 -0.13438702555786133 -0.702955133688723 -0.02021200384393947
-0.6896827112523238 -0.08911696268963182 -0.7184306992164782 -0.01591399333732959
-0.6833739731649296 -0.09228399637614595 -0.7236219715844511 -0.029238998851828395
-0.6827799622033507 -0.07409499589832341 -0.7253549598465265 -0.04670799741438546
-0.6732216065704179 -0.02967198265974291 -0.7383795684922139 -0.026226984672993975
-0.6645158529958193 0.032481992814334344 -0.7465638348451668 -0.0024579994562414207
-0.6662766669407036 0.05158497421363216 -0.7439146281309328 0.002327998836276741
-0.6704008568365828 0.06876598531509416 -0.7386298422663526 0.016120996557377674
-0.6715029214173752 0.09256698916734873 -0.7333359141813698 0.05228399388146598
-0.6648171919862689 0.11158703222416362 -0.7340912119912579 0.08171002359626488
-0.6511528253142783 0.1429069616621402 -0.7367418023531982 0.11308896966145655
-0.6560730611135366 0.1373840127973901 -0.7356670685277584 0.09740500907332574
-0.6890338367058904 0.04494798934777726 -0.7232818285894597 0.00868599794150559
-0.7013158542227483 0.03053299365333626 -0.7105738522983579 -0.048047990012625705
-0.692419337522658 0.027549013428880068 -0.7196293507862911 -0.043933021415332243
-0.6851023448401862 0.037803019027814196 -0.7264483656513389 -0.038451019353979404
-0.6817741159339938 0.06196801053750617 -0.7285811238934092 -0.022662003853617427
-0.6828330228165244 0.042389001416407314 -0.7290190243598065 -0.021760000727099556
-0.6887658551436019 0.013732997111772482 -0.7245898476093513 -0.01955899588648933
-0.6898212099836778 0.008550002602646838 -0.723862220345865 -0.009853002999284129
-0.6839148989844092 -0.0162149976050126 -0.7286728923735645 0.032144995252120265
-0.6780739096259762 -0.0021299997161125916 -0.7319389024468237 0.06690799108247009
-0.6703869510580672 -0.007355999462971601 -0.7366909462175112 0.08839499354667955
-0.6638776061089195 -0.011943992913404172 -0.7397325611027469 0.1091769352232692
-0.6630059918745301 -0.030114999630925624 -0.7386009909480755 0.11825699855070136
-0.6606839503076496 -0.04462299664374837 -0.7390089444165528 0.1239809906749561
-0.6593797006413542 -0.055675974723085386 -0.7373196652565793 0.13593493828548409
-0.6578279841815395 -0.051884998752347394 -0.7365279822890801 0.1486499964254879
-0.6593021564712105 -0.055717013223236744 -0.7348331743968757 0.1491190353902012
-0.664494808982024 -0.06700498073851649 -0.7306707899588476 0.1416939592681644
-0.6660423125987073 -0.06419403012867268 -0.7278703416169267 0.14990507035608747
-0.6674971598378878 -0.06068801453226267 -0.7242331734238101 0.16202103879731955
-0.6793867285177969 -0.057294977104989014 -0.7127517151851843 0.16472993417409618
-0.6831201813011448 -0.06136201628557333 -0.7087971881158619 0.16488804376153995
-0.6886690326339603 -0.059317002810854884 -0.704190033369454 0.1622740076896786
-0.6912800938627088 -0.0559550075976274 -0.7024620953810122 0.15983702170283212
-0.693533818590649 -0.04740698759963736 -0.7015118165038244 0.15698595893679562
-0.6937739938372057 -0.04054399963984765 -0.7019849937642674 0.1557269986166771
-0.6932800446233182 -0.03250300209207205 -0.7036620452915608 0.15220400979668752
-0.6916678314730784 -0.020139995092830376 -0.7066308278272999 0.14786096397323695
-0.6902607465287076 -0.0003439998736794856 -0.7083817398744806 0.14742894586247932
-0.6931941922692202 0.007495002078866529 -0.7058831957887316 0.14544604034193745
-0.6970178024184825 0.01406499601303834 -0.7029768007293034 0.14068396012074552
-0.7002404105055574 0.02171901273244916 -0.7002454105084885 0.13728808048310145
-0.7029687657810392 0.023932992025875413 -0.6978347674916128 0.1352359549413482
-0.7046970408562216 0.02777000161002143 -0.6961790403623734 0.13403600777100586
-0.7052780599831963 0.027427002332639224 -0.6953670591402755 0.1352600115037292
-0.706709775186469 0.025698991824817916 -0.6940407792166408 0.1349379570744885
-0.7070611674681644 0.0269360063798208 -0.6939841643708629 0.13313503153316908
-0.7085090462334052 0.026965001759587763 -0.693248045237556 0.1292090084314695
-0.712080138450823 0.02926200568945621 -0.6906181342779327 0.12301302391760909
-0.715201171265669 0.029421007045302296 -0.6884721648650067 0.11673802795467521
-0.7181174875605203 0.03559097460273447 -0.6857765106386289 0.11292091942107217
-0.7205627476045675 0.04120598556655533 -0.6832447606761417 0.11076096120315573
-0.7220727258961906 0.04109098440157764 -0.6818597411613183 0.10949795843381636
-0.7262188451668907 0.03981199151190516 -0.6782518553936677 0.10485997764338328
-0.7260801629200635 0.04112300922730522 -0.6792121524036776 0.09893102219844206
-0.7282043648694372 0.04275302142155639 -0.6777723396002882 0.09227804623624963
-0.7301221155301519 0.04524200715882432 -0.6764781070418452 0.08516001347521063
-0.7340150990722266 0.04510300608768845 -0.6735040909048737 0.0746980100822152
-0.7363190263211967 0.04626700165390654 -0.6713400239983923 0.07068400252674109
-0.7365706146377721 0.048249974756367685 -0.6709916489476615 0.07004196335514
-0.7399892355056816 0.04744601509995766 -0.6677262125075735 0.0656240208852089
-0.7410609865578949 0.04646899915709883 -0.666685987906983 0.06479999882459282
-0.7414262290025012 0.047934014805261604 -0.6670282060233662 0.055343017093661975
-0.7412510084758347 0.05247700060004827 -0.6680240076385205 0.039205000448289576
-0.7384379311668807 0.06133699428250301 -0.6712499374297756 0.019253998205248268
-0.740442728152796 0.06840497488569952 -0.668559754544014 -0.009652996455985052
-0.7386246216606852 0.07271296275486669 -0.6690996572728577 -0.038106980480790295
-0.730316722746994 0.08710696693124001 -0.6737687442145252 -0.07131297292717598
-0.7282789155345804 0.0912419894178003 -0.6728269219658745 -0.0926749892516017
-0.723255972593662 0.10342099608106828 -0.6741799744532988 -0.10810299590365327
-0.7185329601368703 0.11284999373925181 -0.6731719626534303 -0.13347199259517428
-0.7136878001024984 0.12109896608127425 -0.6723408116834162 -0.15473395666041745
-0.709684707633735 0.13488394443234494 -0.6669537252374648 -0.18255592479309007
-0.6995172709475747 0.14294605536802107 -0.6664652581453707 -0.21463008313375934
-0.6934452561455495 0.15168505602958804 -0.6602422438809854 -0.24536809063432743
-0.6899400182758214 0.14991700397115157 -0.655657017367699 -0.26762200708903944
-0.6889100971807652 0.15244902150514653 -0.653527092189479 -0.2739790386487188
-0.685489801388613 0.15300595566859637 -0.6556238100418795 -0.27721891967957213
-0.6830736693763718 0.1577729236342158 -0.6585706812363912 -0.27350086761918485
-0.6789579918413012 0.16110899806403373 -0.6628379920350073 -0.2714879967376645
-0.6769501307278832 0.16567503199400552 -0.6678151289637955 -0.2613680504735732
-0.67922977128096 0.17085694246683888 -0.6704807742270354 -0.24476591757925217
-0.6842748925927998 0.17824497202178016 -0.6723378944664907 -0.21899396562561488
-0.7075199859751852 0.18272999637783469 -0.6671239867759349 -0.14481299712944437
-0.735035279597918 0.1524980580082898 -0.6518992479740464 -0.10721404078283508
-0.7687355126391361 0.11729692563641192 -0.6238726044789313 -0.07791095060622598
-0.7870049223454411 0.10758198938477805 -0.6074679400605338 -0.005662999441226209
-0.7959473515461444 0.09285104100952835 -0.5964092634161375 0.04628702044359284
-0.7997131033577272 0.04129400533698212 -0.5915920764594355 0.09366201210520704
-0.7928143361442325 0.006817002890331443 -0.5898072500715442 0.15338306503266946
-0.7839881887244035 -0.04047200974256501 -0.5818161400568345 0.21263705118674134
-0.7743690690667546 -0.08859200790161013 -0.573263051129907 0.25273202254142285
-0.7538310603159102 -0.10927700874352701 -0.5804610464441413 0.287858023032241
-0.7386229850210954 -0.13585299724496916 -0.5856699881229056 0.3049109938165575
-0.7285390143139704 -0.14719000289191558 -0.5933300116574515 0.3090720060724923
-0.7201010577121415 -0.14973001200003744 -0.5994090480393404 0.3158230253114795
-0.7086852922214797 -0.14361705921950124 -0.6075182505059497 0.3287261355479489
-0.702134898121989 -0.13452498048076308 -0.6134929109837188 0.3354639513250229
-0.6901477631188985 -0.10040296553844505 -0.6342257823131364 0.3337258854544497
-0.6930192202321875 -0.09154402909146123 -0.6449132049447427 0.3089190981703346
-0.6990552955246401 -0.08095903422531751 -0.6504542749786272 0.2857911208177932
-0.7045712878128502 -0.06421802623265166 -0.6548982675217401 0.26563810851146286
-0.7127161405087937 -0.04247600837395473 -0.6591461299477062 0.23613104655217781
-0.7246581391075638 -0.025730004939209412 -0.65578912588726 0.2101170403347013
-0.7341378771504791 -0.010384998262190115 -0.6528678907500757 0.18627196882953076
-0.7413328713339075 0.011275998042932311 -0.6513658869486209 0.16130997200296304
-0.7551119870234007 0.027608999525539347 -0.6435839889400092 0.12183299790629995
-0.7681169794163857 0.03737599899841668 -0.6360329829559064 0.06372899829222219
-0.7747467768257009 0.04878998594550989 -0.6303618184173704 0.00556299839751735
-0.7822149265809193 0.06070199430248073 -0.6178359420096123 -0.05228599509241059
-0.7853851647714687 0.06816101429997781 -0.6059121271185599 -0.1067460223949976
-0.7859509933532124 0.0723859993878316 -0.591045995001524 -0.1664509985923239
-0.7757131295863798 0.0869920145324087 -0.5864370979669644 -0.21631703613673736
-0.7630209651791575 0.09567099563400638 -0.5817419734519148 -0.26499498790682147
-0.7520229440419748 0.10332899231128997 -0.5679409577395149 -0.3181629763254938
-0.7390098468801315 0.1003839792008432 -0.5607938838057624 -0.3595799254964855
-0.7242640702778811 0.11287401095256087 -0.5525560536164504 -0.3967150384946505
-0.7191589305267337 0.10279799006935486 -0.5535409465260098 -0.40722896066025904
-0.7145360585826702 0.10151500832291133 -0.5507270451524601 -0.419324034379121
-0.7138031739095989 0.10443502544434384 -0.5514771343608025 -0.41886910205244277
-0.716705900310158 0.10809098496513954 -0.5549559228086888 -0.40825594321384767
-0.7254809131646556 0.11107598670492717 -0.5597349330033707 -0.38475495394733567
-0.7364922950281934 0.11449004586306145 -0.5625562253519119 -0.3577731433187622
-0.7463119820116426 0.12101699708312737 -0.568101986307038 -0.325012992166212
-0.7535113653645633 0.12903706256782868 -0.5763912794821123 -0.28869213998180054
-0.757487681863194 0.13297494415193142 -0.5789067568652916 -0.2709188862169363
-0.7577579853051785 0.1277399975228021 -0.5870749886151484 -0.2546139950623981
-0.7573097470366248 0.1174429607706518 -0.6052027978447484 -0.215449928033488
-0.7557038662744343 0.10459698149104278 -0.6235778896547843 -0.17065096980246033
-0.7575299323571253 0.0919659917879891 -0.6319139435738789 -0.13555598789566417
-0.7611110194711229 0.08640300221040483 -0.6342930162268013 -0.10448400267296203
-0.7668181114416842 0.07804601134242765 -0.6330600920026298 -0.07165001041289677
-0.7674700619897106 0.06800700549302806 -0.6355920513377254 -0.04886200394665751
-0.7706496869571515 0.04963197983917128 -0.6344667422755377 -0.0329799866033178
-0.7758719177494344 0.035507996235779764 -0.6297929332353398 -0.011081998825191825
-0.7843980054166604 0.023312000160981016 -0.6198040042800566 0.004395000030349672
-0.7883868145860281 0.009563997750724928 -0.6147968554111705 0.019482995417960454
-0.7873552766160664 0.008812003095859907 -0.6155882162703369 0.03232901135792725
-0.7912199256114841 0.00023699997771785562 -0.6102289426278031 0.039894996249172365
-0.7899473652247442 -0.011497005315532416 -0.6104992822586087 0.056050025914203
-0.7882217717944598 -0.026754992253909145 -0.6108488231473798 0.06967297982831665
-0.7840368746395702 -0.046219992609839756 -0.6142129017928929 0.07676198772645
-0.7729655852229134 -0.05676896953749527 -0.6258466641676409 0.0872779531662265
-0.7680132078927554 -0.06536801769440574 -0.6294981703982534 0.09805502654242068
-0.767187995402626 -0.06835399959038867 -0.6271899962415641 0.11568499930675766
-0.7632391279112563 -0.06375101068403279 -0.6304671056599911 0.12614702114098106
-0.7626732486380023 -0.06606502153776209 -0.6314272058506698 0.12355004027836987
-0.7656349174163254 -0.0687189925877637 -0.6283019322294724 0.11965598709354697
-0.7669538823872476 -0.0772359881558235 -0.6236749043591489 0.12979198009633647
-0.758402003480686 -0.06958900031937872 -0.6358500029182336 0.12521400057466964
-0.7635119328498919 -0.06749299406405893 -0.6338919442498399 0.10332099091302258
-0.7704769157302476 -0.06162899325942168 -0.6289389312107516 0.08368399084718953
-0.779093179291955 -0.058599013485333924 -0.6182361422740815 0.08581401974829683
-0.7783186686126068 -0.05637497599703427 -0.6182347367720883 0.09395595999605058
-0.7741387030180005 -0.05343597950041255 -0.6240787605853352 0.09153996488262155
-0.7755271910348609 -0.06637401634984709 -0.6214611530839232 0.08909602194693668
-0.7709977508501896 -0.0674259782111301 -0.6249277980530524 0.10237896691598625
-0.7644376127520566 -0.0940479523572944 -0.6286106815591102 0.10788294534877928
-0.7643364321857501 -0.08379604738156664 -0.6307333566413393 0.1046110591511894
-0.7658850187695444 -0.08163600200065353 -0.6306120154544088 0.09531100233578677
-0.7685050482167767 -0.09511400596754804 -0.625759039260749 0.09369600587858129
-0.7740340335226407 -0.10863900470504675 -0.6174360267405374 0.08855300383514213
-0.7802667535126011 -0.11133196483007086 -0.6112228069138289 0.07208097722951477
-0.7918917941901211 -0.09505197529632751 -0.6006948438815328 0.05511998567451051
-0.8012137792311821 -0.08185197744626369 -0.5911648371086898 0.04336898804998057
-0.8053287897387469 -0.0786689794605155 -0.586936846758146 0.027601992793465643
-0.8104535457810322 -0.06995096079596003 -0.5813716741700458 0.016699990640484517
-0.8124833435883101 -0.0606870256637293 -0.5798052451918627 -0.003712001569755684
-0.8080672424254616 -0.03895601168705847 -0.5877811763381999 -0.004801001440331854
-0.793437827509412 -0.03071799332201649 -0.607843867856885 -0.0062169986484464
-0.7803539546107137 -0.023949998606948374 -0.6247749636599653 -0.011416999335930255
-0.7748063227282078 -0.007286003034821261 -0.6317472631401629 -0.02274800947517349
-0.7764463433982237 0.015839007005103337 -0.6289602781696947 -0.03590501587967898
-0.7806818966068868 0.03851899489856391 -0.621654917668339 -0.05096299325048711
-0.78317125328154 0.05684601838428955 -0.6154881990519933 -0.06771702190002701
-0.7816946646710398 0.06786097088921055 -0.6139417366331721 -0.08616196303850751
-0.7800997575731164 0.07447997685430806 -0.6115218099610656 -0.10926196604531964
-0.7783725673592421 0.08609895214384798 -0.6086856616758644 -0.12737692920041957
-0.7778930648086075 0.10175200847726543 -0.6024500501919232 -0.14691101223959768
-0.7767891389804064 0.11927102133955561 -0.5941261062989731 -0.17142703067112708
-0.7767968957573592 0.12649798302454107 -0.588996920959269 -0.18348697537687528
-0.7680580702907577 0.1262760115564654 -0.5971610546506894 -0.1937520177317011
-0.7565097781701833 0.13051396172965762 -0.6074878218675871 -0.20400394018034138
-0.7471428300067204 0.12761997096333322 -0.6171898595742018 -0.2111099519673192
-0.7357638447987266 0.11774197516362811 -0.6315828667745557 -0.21422295481202888
-0.7282584419554218 0.1113060675478885 -0.6407083888242552 -0.21620213120576237
-0.7275943849444613 0.11403506033191814 -0.639957338578799 -0.21921911598108268
-0.7259699236377687 0.11743598764732015 -0.6402409326553007 -0.2219639766523874
-0.7234501182931471 0.12424302031528851 -0.6404511047217698 -0.2258450369284896
-0.7208417364084088 0.12627395382515919 -0.6426897649863912 -0.2266979171029344
-0.7111485624809156 0.11727792784723991 -0.657292595614658 -0.2201818645377733
-0.6946671612843669 0.10755302497112647 -0.6774341572832937 -0.21668605030908958
-0.6845450422326654 0.09856500608091896 -0.6904690425981437 -0.21198001307800132
-0.6876860173857343 0.08925400225647509 -0.6907770174638794 -0.20481400517800533
-0.6878720246595246 0.08008100287082391 -0.6930690248458319 -0.20018600717646828
-0.6821086354464551 0.07059596226992747 -0.7019386248483003 -0.19242189715995214
-0.6762474235169879 0.055448034725728824 -0.7121044459733515 -0.18033911294191332
-0.6645827587661388 0.04094398513792978 -0.7279107357790056 -0.16370494057749105
-0.6517449016706024 0.026053996069207858 -0.7439758877556223 -0.14508497811088591
-0.6460197737054502 0.01519199467838952 -0.7518057366496387 -0.13120895403875793
-0.6476891096725585 0.004924000833776208 -0.7523861274008014 -0.11995702031220401
-0.6500106992417441 -0.005790997320520638 -0.7526266517616105 -0.10490795145936438
-0.6483702737322619 -0.0314610132823707 -0.756728319479413 -0.07738503267080692
-0.6459546962996262 -0.06364497007684701 -0.7597876427802254 -0.037610982316918735
-0.6425307394480552 -0.07570996929893228 -0.76250069079917 -0.0038659984323031597
-0.6389159426045863 -0.09231399170720371 -0.762881931468412 0.03571699679145303
-0.6309220391048647 -0.10746700666085901 -0.7643790473765971 0.07818500484594584
-0.6201488753789254 -0.12160397556325794 -0.7657628461172913 0.11931097602404418
-0.6081119937638115 -0.1447169985159272 -0.7647539921574479 0.15623099839785112
-0.6010798263694016 -0.16294195293186106 -0.7594927806095294 0.18794594570909623
-0.5912318256951281 -0.18364194585933225 -0.7549007774428278 0.21643793619053459
-0.5819910788723094 -0.21125802863000687 -0.7454461010239807 0.24691403346216245
-0.5733759549894158 -0.21145598340049448 -0.7426269417030447 0.27391897849708713
-0.5702580575202224 -0.2152170217082964 -0.7455430752006971 0.26954202718789705
-0.5651728970574399 -0.20091396340483084 -0.7593808616837245 0.25209895408181837
-0.5548530620320209 -0.216836024242052 -0.7610040850795005 0.2568910287201617
-0.5462020346584319 -0.2395620152010488 -0.7566130480097475 0.26797401700388984
-0.5539051572395719 -0.2622960744591775 -0.7415212104989928 0.27301307750146186
-0.557739073117924 -0.24190503171302602 -0.7467960979027345 0.2696380353487398
-0.5696449008288188 -0.22322596113792612 -0.7528658689313337 0.2426269577603487
-0.5827049584982976 -0.22576598392038277 -0.7486899466764322 0.22124198424259334
-0.583209851336037 -0.21817894438477603 -0.7549858075492348 0.2055739475978712
-0.5806307906065752 -0.20667392546698904 -0.7616667253194167 0.2000439278579713
-0.5821521426002223 -0.1906680467048111 -0.7654181874918871 0.19717904829970392
-0.5895521179785287 -0.16669403335806318 -0.7699451540779749 0.1783980357002157
-0.6065119702845533 -0.1486279927181203 -0.7654459624977413 0.1553879923869209
-0.6263361927430926 -0.12623203884551754 -0.7569732329441657 0.13696704214901134
-0.6464558288844577 -0.1027519728017619 -0.747083802248438 0.11576996935592472
-0.6658533955696369 -0.08209904877333528 -0.7356964370619334 0.09300405525177255
-0.6833882402820811 -0.061976021791021005 -0.7238542545100961 0.07193402529229548
-0.6936490821433164 -0.05135500608156289 -0.7164470848431017 0.054011006396091785
-0.6984009692961989 -0.03566499843205971 -0.7136759686246641 0.04038199822468625
-0.7057785558836901 -0.024499984583205802 -0.7074065548592599 0.029194981628844627
-0.7100083543471528 -0.012517006246920193 -0.7037673512324266 0.021047010504028865
-0.7173293471257977 0.0027390013254414082 -0.6966313371097385 0.011657005640989593
-0.7288660907576824 0.016506002055310998 -0.6844510852271699 -0.002913000362723914
-0.7365578931678095 0.03272199525392035 -0.6753259020490499 -0.01861899729945428
-0.7429442591731783 0.045364015825058224 -0.6672302327606383 -0.0279240097411808
-0.7454670365416768 0.05707700279782913 -0.6631680325075029 -0.035061001718637755
-0.7476169750628624 0.06711499776134572 -0.6595089780017487 -0.04015399866064332
-0.7507026901982009 0.07387596951268649 -0.6553037295676744 -0.039557983675115774
-0.7497821306026862 0.07987901391392696 -0.6556361142036256 -0.03984200693998019
-0.7479290985576155 0.08440701112265021 -0.6568110865506299 -0.04557100600507414
-0.7451500633489353 0.08942700760263737 -0.6589450560202164 -0.050454004289347355
-0.7472421054276488 0.0923320130270323 -0.6557530925195546 -0.0556050078452555
-0.7463809396577159 0.09085199265493468 -0.6571779468694654 -0.052711995738419816
-0.7452349741410921 0.08817099694055462 -0.6592439771248937 -0.047413998354781696
-0.7448231276392331 0.08200701405342019 -0.6608581132502732 -0.0421890072298675
-0.7444919510917195 0.07996699474668839 -0.6618249565224036 -0.03639699760895391
-0.7467211278424016 0.08050301378251966 -0.6595141129121235 -0.03111200532653133
-0.749214768945947 0.07434997707084236 -0.657558797212186 -0.027671991466097504
-0.7506829686447237 0.06693099720435924 -0.6569679725591053 -0.0197079991768166
-0.7528625299568255 0.05729296422963594 -0.6555205907314189 -0.01443199098951191
-0.754824811905606 0.049926987558720486 -0.6539548370413415 -0.009479997637684425
-0.7501477988220145 0.04505798791614765 -0.6597298230707109 0.002148999423671741
-0.7415597019635078 0.03885498438399063 -0.6696117308797513 0.014128994321487676
-0.7370841321061267 0.03845200689167691 -0.67427812084953 0.024030004306849997
-0.7328638939304178 0.039039994349624914 -0.6790329017215383 0.017340997490185594
-0.7318201346446717 0.038602007102229524 -0.680318125169022 0.010790001985209486
-0.7302930237279511 0.03231600104997921 -0.6823520221703 0.004847000157483885
-0.7307891224850174 0.024696004139211164 -0.682119114327607 0.0071330011955374655
-0.7297707991926456 0.022437993825850277 -0.6831658120167052 0.014682995959753972
-0.7242169449960872 0.019512998517997576 -0.6886209476995854 0.030499997683540513
-0.7188971015535685 0.015992002259078375 -0.6939510980296208 0.03692000521543107
-0.7186938878356098 0.022358996510498764 -0.6940808916768859 0.03508399452454665
-0.7268531646050034 0.02438900552319579 -0.6856281552690837 0.0316810071745609
-0.7405361914249275 0.009092002350237452 -0.6712851735238834 0.029995007753560534
-0.7499566343268589 0.004769997674185476 -0.6607936778020372 0.029899985420994913
-0.7533718879250162 0.018539997241906785 -0.6563809023538305 0.03537199473790328
-0.758014864247888 0.01122199799026378 -0.6510348834068241 0.03796199320142521
-0.7616667191087908 -0.0020839992314524852 -0.6466027615426446 0.042003984509563434
-0.767442140775762 0.0021090003868645215 -0.6387891171762925 0.05455801000784949
-0.7665007580142159 -0.0006229998033177471 -0.6401567979012505 0.051724983670321786
-0.7707487925302534 -0.011748996837411334 -0.6353688289717594 0.04598598762151652
-0.7732340583907721 -0.01816700137188116 -0.6326650477757029 0.03891000293828898
-0.7746871005625263 -0.017999002336459645 -0.6305150818474834 0.04457200578591473
-0.7688310704564514 -0.017109001567886084 -0.6368200583588296 0.05537400507452943
-0.7701368702977949 -0.015845997331304505 -0.6340618932147922 0.06784998857307904
-0.773451063994957 -0.014720001217925592 -0.6297080521017316 0.07088400586490745
-0.7739800263110646 -0.012589000427956782 -0.6282130213557879 0.07838900266479501
-0.7744929304791942 -0.00925399916933331 -0.6279559436327932 0.0758049931955167
-0.7762004263417848 -0.011572006356128749 -0.6265803441603138 0.06910903795935894
-0.7746987491572339 -0.008926997109492366 -0.6287167964253066 0.06691297833398262
-0.7742290712190129 -0.0031320002881033236 -0.6295050579062844 0.06544400601999806
-0.7759083013481005 0.0012130004711064276 -0.628178243972542 0.05793902250241986
-0.7746610275302914 0.0014630000519928283 -0.6300080223895405 0.05466300194264113
-0.773919038072948 6.800000334526024e-05 -0.6310800310459829 0.052795002597250215
-0.7731243902864339 -0.0006820003442854547 -0.6321253191076878 0.051921026210623306
-0.773675538504613 -0.0037229977792417944 -0.6315486232829374 0.05058296982739395
-0.7715447087720178 0.0030449988506319058 -0.6343637605524658 0.047875981928687396
-0.7709676096915786 -0.0005039997448461617 -0.6351256784626257 0.047159976124890854
-0.76866200500668 0.0011010000071713635 -0.6377320041538674 0.04955200032275696
-0.768766871778153 0.002339999609713838 -0.6375918936566947 0.04968499171309061
-0.7675556446882122 0.007340996601754355 -0.639012704192461 0.0496709770066395
-0.7667349550931017 0.004529999734682454 -0.6398429625250387 0.05194199695780927
-0.7662591439701453 0.00523900098434027 -0.640318120307462 0.05303000996365042
-0.7675199873075221 0.0057029999056894915 -0.6388319894356355 0.052670999128979705
-0.7678629503115901 0.0027509998219828074 -0.6384089586885577 0.05303699656797607
-0.7669783485349823 0.0013200005998427289 -0.6394582905865391 0.05325002419820099
-0.7661617244936565 0.0014229994882994368 -0.6404667696926742 0.05288198098401323
-0.7658601978565613 0.0019140004944734786 -0.6408531655615529 0.05255201357657798
-0.7658874395907957 0.002008001152517692 -0.6407793677834335 0.05304903044816288
-0.7657849624191038 -0.0011599999430730041 -0.6407289685562265 0.05512199729488804
-0.7658431373241112 -0.00025800004626225047 -0.6409221149243957 0.05199100932256071
-0.7650913234802974 -0.0015240006443468467 -0.641762271336825 0.052670022268863796
-0.7643486580094672 -0.00012299994496645442 -0.6427417124197468 0.051518976948998096
-0.7624468712963105 0.0014049997628311427 -0.6451178911018514 0.04995699156708569
-0.761223051308719 0.0013040000878935208 -0.6464680435738871 0.051155003448000815
-0.7608128712936778 0.00149199974759917 -0.6470908905319668 0.04934499165233314
-0.7594780100983994 0.003253000043253515 -0.6486170086243361 0.04978500066196627
-0.7589535206462462 0.0023409985214293124 -0.6492195899540103 0.049979968432736874
-0.758221333681909 0.005608002467998309 -0.6500932860963667 0.04947402177277966
-0.758529068769007 0.00534400048449245 -0.6495450588884073 0.05192600470766373
-0.7605066337149967 0.002263998909583676 -0.6472196882777149 0.05226097482939597
-0.7607710367562731 0.003351000161901901 -0.6471000312643153 0.049777002404951046
-0.7616458280714218 0.002744999380363125 -0.6461938541327392 0.04818298912351054
-0.7627438922864592 -0.0019259997280132266 -0.6447449089500975 0.05021999290800843
-0.7619270510152084 0.0028600001914927493 -0.6457940432394645 0.04908200328631018
-0.7650700934177419 0.004066000496472922 -0.6423390784318544 0.04529600553080115
-0.7641342002757795 0.0022780005970526452 -0.6432411685903162 0.0483170126636491
-0.7624742682865306 0.0004810001692461923 -0.6449662269397914 0.0514910181177873
-0.7630384367671414 -0.0034750019891090825 -0.6440003686291366 0.054989031476005576
-0.7629448147821987 -0.001347999672750203 -0.644476843542309 0.05062598770968233
-0.7630709784272208 0.0008759999752346051 -0.6441249817899429 0.05314999849739642
-0.7622057460582404 0.0008889997038146848 -0.6450507850904008 0.054323981901044927
-0.7623899702309593 0.000483999981101253 -0.6448729748196453 0.05385299789720202
-0.7643841150979112 -0.0018600002800714234 -0.6425760967565457 0.05300400798113211
-0.762880095741458 0.003912000490956092 -0.6443660808679482 0.052830006630166244
-0.7626552720609197 0.0005990002136804859 -0.6446142299523083 0.05318901897404234
-0.7600897747668109 0.002957999123472519 -0.6476388080887824 0.05309198426754664
-0.7591621071322049 0.0009860001391433634 -0.648661091538411 0.05395100761351278
-0.7586379100926887 0.0014769998249585456 -0.6493649230427934 0.05283499373844601
-0.7603789527245807 0.0019879998763990938 -0.6474489597458334 0.051280996811681044
-0.7617402049070001 0.0013510003634171202 -0.6459311737545402 0.05022901351153111
-0.7604082368040888 0.002723000847988887 -0.6474232016186225 0.05113801592524999
-0.7610051428532354 0.0016300003059779812 -0.6467391214036157 0.05096100956622325
-0.7617813028024147 0.002898001151933952 -0.6458292567123368 0.0508470202113132
-0.7618403449072956 0.0002150000973368011 -0.6457392923449703 0.05118602317340234
-0.7613568972963874 0.005105999311223716 -0.6463149128150325 0.05085899313935115
-0.7637387056570688 0.0014599994373199752 -0.64354275198028 0.05053498052394859
-0.7637530518347757 0.002950000200212095 -0.6435450436764383 0.050223003408560014
-0.764190618180659 0.0030459984781007468 -0.6432746785949632 0.04691597655895424
-0.7630662553903063 0.001286000430410913 -0.6445382157202093 0.04794501604669613
-0.7628808406300132 0.0036209992435534215 -0.6447998652977758 0.0472529901285915
-0.7641654685777393 0.0007439994826017358 -0.6433855525715059 0.04588696808890571
-0.7651834276561635 -0.0031920017839895476 -0.6421123588725239 0.04664602607016806
-0.7644819697934069 -0.0031309998762863705 -0.6429419745957559 0.04672399815381807
-0.7632160770123222 0.0014050001417715465 -0.6443300650161284 0.048353004879060205
-0.7630317953110257 -0.0024849993333803805 -0.6448348270182447 0.044320988110564126
-0.7627360805929867 0.0006410000677299937 -0.6448310681347887 0.04925600520453755
-0.7621978305306668 -0.005628998748431671 -0.6456548564431783 0.046395989684177616
-0.7619121213044194 -0.006421001022290864 -0.6458131028202352 0.04872500775753346
-0.7623710748476898 -0.0043620004282503184 -0.6453320633570918 0.04814400472665825
-0.7624099098385531 -0.0022099997386487613 -0.6452109236983284 0.04928599417151261
-0.7639701174352035 0.005375000826229064 -0.6432200988738714 0.05087900782096904
-0.7637490853084864 -0.0015430001723485002 -0.6437160719011581 0.048110005373743575
-0.7651939050799976 -0.00025699996811992694 -0.6418399203816884 0.050196993773213905
-0.765069939899168 -0.0007939999376265432 -0.6419239495730241 0.050999995993644465
-0.7619966231881911 -0.0034549982914830373 -0.6455826807555698 0.050716974920157795
-0.7620291618085273 -0.0038760008230262263 -0.645464137057224 0.05169701097729278
-0.7616703952289664 0.003486001808878093 -0.6456223350119026 0.05493502850565635
-0.7616558612811539 0.0032039994164620475 -0.645579882421838 0.055647989864943834
-0.7628797741445176 -0.007399997809182873 -0.6443768092280854 0.05232798450796235
-0.76208094975791 -0.007237999522816803 -0.6452949574573181 0.052674996527269285
-0.7615911864664857 -0.006997001713132115 -0.6457531581049311 0.05415501325920676
-0.7625353123932431 -0.00539600221061845 -0.6446712641070436 0.05394202209881031
-0.7649671545910803 -0.0048450009791190796 -0.6417851296974073 0.05397801090833636
-0.7642257824471133 -0.005790998351470943 -0.6425088170963985 0.05574798413016787
-0.7643906802558276 -0.009226996140352937 -0.642482731249851 0.053269977717199615
-0.7657346520406815 -0.008097996320170083 -0.6406637088744686 0.055989974557461464
-0.7655997315065179 -0.010154996438673838 -0.6408117752692722 0.05580498042936421
-0.7643354494993132 -0.007800004587117746 -0.6422943777279752 0.05646603320720393
-0.7658261922166547 -0.009211002311892789 -0.6406971608102023 0.05415301359200197
-0.7651160025738503 -0.008886000029892503 -0.6413520021575081 0.05644600018988435
-0.7624526562216117 -0.011676994735019416 -0.6445737093714485 0.055265975081406446
-0.7625988035294077 -0.011510997034387682 -0.6443998339813588 0.055311985749809
-0.762107157479934 -0.009026001865110652 -0.6448541332510598 0.05722201182421469
-0.761662182263497 -0.0013890003323836525 -0.6451041543715074 0.06090501457438902
-0.7635724294137839 -0.009151005146293389 -0.6429853615986729 0.05867903299960112
-0.7639157555909225 -0.008226997367834317 -0.6424697944466407 0.059979980809858065
-0.7665327027271776 -0.006499997479203966 -0.6394497520118424 0.05907097709139346
-0.7670035685080744 -0.006868996135720235 -0.6387976406326706 0.0599659662650458
-0.7652499265340974 -0.006512999374735807 -0.641139938448966 0.057355994493681395
-0.7671301069203004 -0.011649001623603012 -0.6390160890641516 0.055083007677304896
-0.7654081662765228 -0.0031440006829996387 -0.6408511392178757 0.05873901276040578
-0.7675821314829925 -0.0015510002656786135 -0.6386511093977512 0.05422200928795988
-0.7694522110011378 -0.006081001667547708 -0.6362311744689272 0.05582301530792891
-0.7691097027695372 -0.002085999193843865 -0.6364477540381304 0.058310977465114856
-0.7686829562684748 -0.002136999878422875 -0.6370049637598332 0.057849996708827005
-0.7679847380826897 -0.0021299992735745216 -0.6377257825068476 0.0591669798214008
-0.7685459138198774 -0.0014639998358358518 -0.6371339285556281 0.05826999346595293
-0.7701132794668438 -0.007697002793169699 -0.6353712305702254 0.05630002043074627
-0.7719482587929953 -0.003661001227338054 -0.6329912122081239 0.05834901956130786
-0.770282259562827 9.000003032740533e-05 -0.6350052139783781 0.05859701974549967
-0.7716202227999701 -0.006852001978467893 -0.6335571829352281 0.05621901623284974
-0.7724922364425286 -0.007534002305988944 -0.6324961935928833 0.05610301717187387
-0.7740188454567036 -0.009462998110584863 -0.6306408740840483 0.0556539888879309
-0.7724750570411053 -0.008485000626549439 -0.6324850467039626 0.05632900415944648
-0.7763399998878189 -0.01271599999816254 -0.6274169999093383 0.05901199999147277
-0.7757607538018912 -0.01392099558198482 -0.6281258006558291 0.05881698133363991
-0.772891771043213 -0.011417996617601692 -0.6319478127955994 0.05612398337417038
-0.7733110392072574 -0.01643000083300928 -0.6315530320200554 0.05348700271181785
-0.7729333412528507 -0.023870010538695523 -0.6318482789632882 0.05265002324517467
-0.7711585577495622 -0.036915978829116736 -0.6333756367664602 0.05279196972442114
-0.769504078613695 -0.03547200362387328 -0.6348740648596901 0.05949900607850803
-0.7689964052962017 -0.030414016029574508 -0.6346763345033941 0.07003903691376895
-0.7691199862496731 -0.029053999480572603 -0.6342419886610219 0.0731259986926534
-0.7707771890215671 -0.03472400851554327 -0.6325641551268896 0.06752301655900898
-0.772351165913792 -0.04121500885366491 -0.6298541353030754 0.07112501527882849
-0.7692185311756786 -0.050868968996313914 -0.6325746144575926 0.07459595453515959
-0.7640473589522078 -0.052338024588592914 -0.6371682993439673 0.08665404071038117
-0.7623541991265617 -0.049269012869043206 -0.6389701668987099 0.0900320235163226
-0.7590828946400606 -0.06486399099694355 -0.6398069111954467 0.10115798595937368
-0.7471969884046237 -0.09881599846652395 -0.6444859899985443 0.12872399800239667
-0.7432197880393209 -0.0809739769068324 -0.6504218145046031 0.13423496171720115
-0.7339940912053774 -0.048269005997858785 -0.6672620829133242 0.11697901453569626
-0.7163750675151296 -0.01626800153318601 -0.6877740648196137 0.11622801095396752
-0.7042627115203193 0.011974995094809501 -0.7008627129130247 0.11252595390718446
-0.7011739113218399 0.029256996299838658 -0.7045239108981622 0.1055709866483326
-0.7112927983876414 0.03234299083254226 -0.6965038025795077 0.0888759748085529
-0.7057713654051027 0.08851504582765891 -0.7009843629266865 0.0516990267665835
-0.7023799984698651 0.10130399977930923 -0.7008709984731525 0.07196999984321335
-0.7073829022372138 0.06917399043991307 -0.7006189031720221 0.06290899130575783
-0.7071810930752921 0.05805300764061808 -0.7020150923953714 0.060824008005321936
-0.70901098045434 0.03166499912707515 -0.7024549806350726 0.053457998526296645
-0.7024149789700471 0.02499399925169217 -0.709652978753345 0.048796998539042284
-0.6928513850959139 0.023140012861523545 -0.7192223997532708 0.046267025715821516
-0.6941200160241078 0.03828200088375914 -0.7170240165528582 0.051073001179045785
-0.6905821182822248 0.02739500469218941 -0.7214821235747472 0.04253700728569669
-0.6918968984575645 0.03991699414180233 -0.7192888944375292 0.04804999294820758
-0.6928621312495788 0.0320380060689921 -0.719033136207179 0.04366900827226469
-0.694692102737328 0.03942500583052512 -0.7167971060064151 0.04528200669671119
-0.7109127450678018 0.07257797397365208 -0.6974617498913076 0.0536899807468569
-0.6989299895992229 0.07826199883538319 -0.7092069894462908 0.048962999271381605
-0.6981174743992588 0.05963904052715719 -0.7122054839726352 0.04287802913736726
-0.6942550256992387 0.06973900258152871 -0.7149020264635289 0.04540400168071996
-0.6856207772960097 0.10140096706284184 -0.7189677664642091 0.052223983036556364
-0.6895608231762855 0.09256097626463818 -0.7166108162398702 0.04906398741854785
-0.6912941376740065 0.09012201794816216 -0.71520414243578 0.049734009904728003
-0.6860950840926213 0.04868600596729806 -0.7251540888799667 0.03247700398060919
-0.6838918986629576 0.012675998121708764 -0.72936689192461 0.012454998154455875
-0.6893398008514837 0.049690985644400554 -0.7224667912811803 0.01957499434483389
-0.6896899960001429 0.0508069997053448 -0.7221089958121288 0.017462999898723332
-0.687547782072827 0.0250169920705404 -0.7257017699794264 0.003022999041821307
-0.6868092442531057 0.031175011086911456 -0.7261652582494645 0.002280000810847093
-0.6837097571706092 0.009011996799259231 -0.7296937408387335 0.0026069990740866422
-0.6807919634234315 0.04980499732415188 -0.7302579607657966 0.02765999851392513
-0.6771736897008028 0.04007298163748205 -0.7342676635388083 0.02609498804257465
-0.6714135976766716 0.012021992796201668 -0.7402935564025385 0.032010980818433836
-0.6689511870046615 0.015800004416876054 -0.7422012074816343 0.037310010429977565
-0.6688630484674905 0.01148400083215944 -0.7421590537787024 0.04111300297915108
-0.6692718076804233 0.008091997674712203 -0.7416187868910517 0.044847987112641235
-0.6691751277261381 0.012047002299423596 -0.7418601415996007 0.041268007876866686
-0.669385858998904 0.011828997508310653 -0.7416818437702986 0.04111799133880442
-0.6698167840611509 0.012888995844781743 -0.7413357610045092 0.04000798710202716
-0.6703559231869358 0.013738998425710088 -0.7408669151073991 0.039374995488196715
-0.6706218108588571 0.013449996206583778 -0.740606791120401 0.03983798876415498
-0.6711191580260979 0.012369002912486167 -0.7401841742885974 0.039667009340252954
-0.6710159171151124 0.012262998485256126 -0.7402569085623619 0.040086995048394546
-0.6714688096080677 0.010864996919279453 -0.7398767902112954 0.039923988679734276
-0.6714698945909856 0.011098998257651642 -0.7398918838499314 0.03955999378977376
-0.670835777811848 0.011148996307330395 -0.7404897547416884 0.03911498704468817
-0.6717860885326791 0.013283001750527068 -0.739621097472452 0.0385700050830256
-0.6701923706332382 0.015069008333540638 -0.7410654098278115 0.03791002096519514
-0.6691544882465683 0.013959989323732309 -0.7420574324921311 0.037257971505989855
-0.6686271633088614 0.014434003525433623 -0.7425201813568638 0.03732500911644796
-0.668837633322576 0.01418399222389789 -0.7423605930150212 0.036820979813602946
-0.6689921669366468 0.014209003545637037 -0.7422351852133089 0.036531009115748234
-0.6686529755266329 0.01431899947591031 -0.7425339728225145 0.03662599865945185
-0.6686500856624396 0.014163001814457685 -0.7425410951288021 0.03659500468827784
-0.6685917854295412 0.014314995405903575 -0.742594761679844 0.03651198828224599
-0.6686239918260718 0.014239999825916002 -0.7425649909221431 0.036556999553090684
-0.6685420412978488 0.014316000884342352 -0.7426350458747961 0.03660300226107733
-0.6685891740769087 0.014215003701082814 -0.7425951933454514 0.036590009526740776
-0.6686197330355721 0.014326994279561845 -0.7425637035114513 0.03662698537569008
-0.6686211930503564 0.014183004095045179 -0.742564214399854 0.03664601058076752
-0.6686103550786612 0.014236007560311424 -0.7425773943603102 0.0365560194137921
-0.6685708135961318 0.01417199604871342 -0.7426127929525274 0.03658498979975871
-0.6686619053128003 0.014138997997819053 -0.7425318948522934 0.03657499482072508
-0.6685530410588519 0.014236000874296904 -0.742629045608193 0.036555002245007254
-0.6685858172280514 0.014230996109658892 -0.7425987969950519 0.03657199000227988
-0.6686106030480087 0.014311991503016104 -0.7425725591370304 0.03661997825883522
-0.6686190208184565 0.014125000439803083 -0.742571023121063 0.03657000113866186
-0.6685680083246747 0.014122000175840085 -0.7426170092466957 0.03657000045535136
-0.6694960249973083 0.011604000433264375 -0.7419180277013648 0.03461300129236296
-0.6685857283436449 0.014164994244551532 -0.7426026982694459 0.036519985161385236
-0.6686149680622696 0.01415699932376263 -0.7425739645294703 0.0365719982530654
-0.6685719739059706 0.014174999446756868 -0.7426129710161875 0.03655899857312059
-0.6685948867781457 0.01424399758787892 -0.7425908742474443 0.0365619938084828
-0.6686065536852162 0.014254990484369378 -0.7425805043054015 0.03655497559846528
-0.6685849249038769 0.014099998416274167 -0.7426009165903271 0.036595995889501375
-0.6685788832975604 0.014079997542294404 -0.7426108703750561 0.036511993626722535
-0.6685379979856951 0.014322999956844804 -0.7426419977624198 0.03653299988992608
-0.6685009534415842 0.014288999004828409 -0.7426789482753837 0.036472997459801704
-0.6694810735873552 0.011522001266463883 -0.7419350815512828 0.034564003799171815
-0.6685951866229947 0.01420300396444244 -0.7425962072786804 0.036464010178091186
-0.668542889181337 0.014112997660608532 -0.7426438768982472 0.03648699395186165
-0.6693756298417382 0.011549993612965022 -0.7420275896659057 0.03461098086046169
-0.6685989262762748 0.0141689984376413 -0.7425889181176948 0.036556995969006495
-0.6685546019995356 0.014133991585825305 -0.7426315579004257 0.036514978262092185
-0.6685539368510723 0.014245998654380016 -0.7426259298545286 0.0365979965430998
-0.6685408123680305 0.014114996038499885 -0.7426437915703654 0.03652598974865369
-0.6685311044155414 0.01424900222550196 -0.7426471159914627 0.03658400571392825
-0.6684929341006383 0.014167998603332933 -0.7426829267870633 0.03658599639338924
-0.6685167130670059 0.014277993871764982 -0.7426616812433622 0.03653998431673151
-0.6685148146603099 0.014279996041000166 -0.7426637941031756 0.03653098987211324
-0.668489035715699 0.014218000759632256 -0.7426880396799663 0.03653400195192044
-0.6685652085218439 0.014215004433582392 -0.7426192316188901 0.036540011396630365
-0.6685915860439876 0.014206991203793842 -0.7425955402247126 0.0365419773751696
-0.6685029019426645 0.014184997919316288 -0.7426728910632631 0.0366009946312933
-0.6686278947606522 0.014193997765921704 -0.7425638831234243 0.03652599425095507
-0.6685330744251172 0.014243001585616482 -0.7426470826759337 0.036551004069077304
-0.6685616993288174 0.014143993639044386 -0.7426256660201482 0.03650098358447109
-0.6685040087650904 0.014302000187520678 -0.7426690097375048 0.036614000480064475
-0.6685352975825091 0.014163006304323747 -0.742645330570819 0.03657701628138457
-0.6685248701423991 0.014291997223851266 -0.7426548557430215 0.036523992905397686
-0.6685289076892005 0.014259998030972476 -0.742647897454814 0.03660399494570242
-0.6684882731533888 0.01428100583541297 -0.7426883034725291 0.03651801492175694
-0.6684821215608109 0.014344002608399735 -0.7426921350556063 0.036528006642472494
-0.6685823501600688 0.01420900744175646 -0.7426053889285352 0.036510019121579876
-0.6685825747565459 0.01421099096127971 -0.742603527676459 0.036542976757303815
-0.6685439043591188 0.01416399797371984 -0.7426418937587723 0.03648899477993951
-0.6685011240447404 0.014231002640655287 -0.742675137808212 0.03657000678580309
-0.66855418097597 0.014144003828746997 -0.7426282010276247 0.03658700990401346
-0.668490274375873 0.014192005824982258 -0.7426853048285618 0.0365770150127097
-0.6684991428683096 0.014087003010604171 -0.7426801587219072 0.03656000781342291
-0.6685249032474061 0.014166997949674286 -0.7426558925187623 0.036550994710139395
-0.668594038217505 0.014168000809857117 -0.742593042447362 0.03656300208997782
-0.6684896569883519 0.014231992697360057 -0.742683618918364 0.03660698121643196
-0.6685700856217706 0.014230001822393758 -0.7426150951044934 0.03652900467816034
-0.6685240866845156 0.014259001848900726 -0.7426560962968803 0.03652600473616298
-0.6685210823099921 0.014177001745508006 -0.7426590914380496 0.036552004500374456
-0.66851298374377 0.01428599965260735 -0.7426649819406158 0.03653799911150549
-0.6684169036049317 0.014276997941057166 -0.7427508928849305 0.0365529947285468
-0.6684998055163881 0.014260995851113253 -0.7426767839364167 0.036548989366968536
-0.668558010984074 0.014177000232921028 -0.742628012201007 0.0365080005998082
-0.6685362094540986 0.01430500448179437 -0.7426452326726445 0.03650701143773974
-0.6685406807177494 0.014188993223608046 -0.7426456453266348 0.036461982586454056
-0.6685410662965466 0.014333001421346489 -0.7426370736443516 0.036573003626798654
-0.6685820389606166 0.01422800082911543 -0.7426030432740797 0.03655600213024625
-0.6684872194523575 0.014263004682288472 -0.7426832438095806 0.036647012030556377
-0.6685543656585562 0.014335007840377 -0.7426254061709081 0.03656601999938788
-0.6685019355363614 0.014299998621051196 -0.7426699283843422 0.036633996467383884
-0.6685283005967985 0.014259006411413956 -0.7426503339249999 0.03656601644152905
-0.6684938566829544 0.014295996935110135 -0.7426798407783712 0.036581992157260705
-0.6685361069868446 0.014154002265086394 -0.7426451188466219 0.03657000585235336
-0.6702771146341533 0.014040002401191616 -0.7410901267449498 0.036289006206327815
-0.6674437264902936 0.013928994292080384 -0.7436336952686413 0.036520985034178166
-0.6673857723223838 0.013847995275777989 -0.7436857462927665 0.03655098753068756
-0.6675112480211929 0.013973005191824745 -0.7435682762810236 0.036602013599883305
-0.6677348201226134 0.01355199634930273 -0.7433757997461088 0.036591990142686354
-0.6691340704263646 0.014298001504864736 -0.7421620781125627 0.03536400372206158
-0.6690480529956329 0.014305001133106338 -0.7422390587931293 0.03537300280191335
-0.6691336789855364 0.014355993112764202 -0.7421596439515937 0.035398983017465864
-0.6689427898834303 0.014545995431067186 -0.7423337668311446 0.03527798891909722
-0.669092036945256 0.014486000799873527 -0.7421950409817847 0.03539100195418501
-0.6697910640765699 0.015576001490101616 -0.7415070709373895 0.03611900345537881
-0.6696597650797125 0.015842994442191387 -0.7416287398326047 0.03593898739240777
-0.6710439163194867 0.014117998239457493 -0.7404499076644214 0.035137995618221944
-0.6699342990691218 0.015226006797126953 -0.741421330982048 0.035364015787048314
-0.6700720877372347 0.015490002028214529 -0.7412910970624388 0.03536900463111166
-0.6701817393231455 0.015174994097467155 -0.7411877117043483 0.03559398615520566
-0.6699887533453609 0.015440994315437594 -0.7413727270655343 0.035257987019862616
-0.6700602625397132 0.015333006007702927 -0.7413092904561566 0.03528001382324133
-0.6701210042924601 0.01529600009797853 -0.7412540047481025 0.03530400022613978
-0.6700172149733828 0.015404004942337268 -0.7413522378610503 0.035164011282286925
-0.670035119401609 0.015359002737005249 -0.7413371321077714 0.03516100626576219
-0.6699311358235271 0.015207003083106135 -0.741424150318201 0.03537300717161263
-0.6699838609408443 0.015429996797411917 -0.7413698461242562 0.035415992649199
-0.6700923086325268 0.01522400701190521 -0.7412703414158549 0.03553601636725326
-0.669900692950418 0.015406992938191002 -0.7414436601586349 0.03545398374963482
-0.6701419366209943 0.015392998544199538 -0.7412329298975284 0.0353069966608233
-0.6699520532059192 0.01602100127234792 -0.7413880588791885 0.03537400280931498
-0.6697806799212664 0.013830993390363472 -0.7413746457075208 0.039574981087675105
-0.666591033433874 0.004669000234180717 -0.7430990372712478 0.05863800294107707
-0.6677449006899809 0.0085339987307854 -0.739311890046217 0.0863819871528831
-0.665713923113375 -0.020656997614220195 -0.7410919144075943 0.0847409902128399
-0.63359600948715 -0.04731600070848614 -0.7706090115387141 0.04979000074553058
-0.6341780964188596 -0.04693400713572964 -0.770781117187643 0.038882005911523417
-0.6337772069520585 -0.06621402162136461 -0.7697062513379961 0.03865801262329285
-0.6438026653820421 -0.049689974173518406 -0.7634856031765521 0.011779993877320325
-0.6538452203818379 -0.04702101584867117 -0.7545402543216082 0.030732010358379493
-0.6477799242693489 -0.06414399250105456 -0.7579859113853882 0.04152199514574687
-0.6501206778695097 -0.08186695943546378 -0.7542406262787649 0.041975979201180305
-0.6486698695067712 -0.0746969849731717 -0.7563158478515781 0.04042399186788617
-0.6440168225241226 -0.06285198267947299 -0.7600077905597421 0.06066398328243413
-0.6350161237198859 -0.013936002715144705 -0.7714581503028203 0.037585007322668895
-0.6403088832694601 0.03864899295415396 -0.7669178601882026 -0.018648996600222956
-0.6429138952866937 0.08577498602957184 -0.7512578776403857 -0.1221309801081625
-0.6429720004510449 0.15449000010837471 -0.7159320005022263 -0.22396700015711285
-0.6038740862673446 0.27185103883569073 -0.646953092421461 -0.3780010539999114
-0.5164690168090008 0.38624101257060023 -0.548275017844159 -0.5324210173281748
-0.4261089076888416 0.4543369015736002 -0.4586089006481251 -0.6337878626977969
-0.3359298800960654 0.5118408173079219 -0.35984087156148087 -0.7040487487028688
-0.22676601675902971 0.547827040486885 -0.2667450197136581 -0.7598090561533105
0.05401500435258324 0.408618032926851 0.0011080000892837588 -0.9111050734177609
0.025782992062694222 0.29268590989651017 -0.05467998316674243 -0.9542957062196349
0.01648199293088299 0.07238696895327187 -0.13330494282558894 -0.9882905761227571
-0.009199000781464349 0.002029000172365601 -0.15626601327495465 -0.9876700839035649
-0.13836404423409263 -0.11505503678235328 -0.2731640873287971 -0.9449863021060266
-0.22612207094015782 -0.17340905440276413 -0.3344791049344737 -0.8982882818155353
-0.3346640051009488 -0.22258600339265588 -0.40443000616432223 -0.8215180125215776
-0.4548119188056191 -0.22582095968576843 -0.4603299178205295 -0.7281808700029782
-0.5566260463455215 -0.21638201801629214 -0.5294190440802256 -0.6025460501688901
-0.6305968114496897 -0.22958193135432406 -0.5773468273715925 -0.4650918609361591
-0.6767269703099583 -0.23716898959468513 -0.6204799727776829 -0.3174839860710254
-0.7034506969401395 -0.21247190846308459 -0.6588667161477614 -0.1609579306562802
-0.7185030443851678 -0.1521870094012767 -0.6784320419098016 -0.0179570011092848
-0.7134239528965417 -0.0653519956851673 -0.6921369543020052 0.08775999420569046
-0.6934741203989069 0.016469002859299118 -0.7073481228076697 0.13594502360236924
-0.7049381433728015 0.051109010394730474 -0.6917321406869181 0.14817803013696945
-0.7432608604163667 0.076745985587182 -0.6429398792565449 0.16823096840639531
-0.8132326295177285 0.14038893604337796 -0.5488807499478259 0.1329419394359868
-0.8668769469930769 0.14260999127982713 -0.4692279713081181 0.08950899452679369
-0.9175429379649239 0.11130299247480492 -0.3771089745036631 0.059290995991335894
-0.9534737390957725 0.10646297086795573 -0.28142492299216104 0.018800994855381076
-0.9717195182167236 0.11059694516549519 -0.20439889865802915 -0.041839979255534225
-0.9743402138107015 0.11515602527001369 -0.15032503298755434 -0.12166602669857832
-0.9607775569596295 0.12772894110075014 -0.11592494654388949 -0.21714789986726346
-0.9281560790826139 0.1327940113145814 -0.11347800966878074 -0.3286560280028094
-0.875884602361619 0.1293669412693625 -0.1263099426571937 -0.44736579690268474
-0.8084796881269992 0.1149209556689626 -0.1175799546432473 -0.5650917820144744
-0.7138353236033975 0.08486803847327905 -0.09607304355285076 -0.6884813121096482
-0.5790468588011779 0.05545298647795726 -0.09805997608837193 -0.8074738030999596
-0.4256001013862554 0.04666101111556407 -0.09772402327977074 -0.8984082140183811
-0.2774410644541445 0.0461490107211779 -0.07867401827727469 -0.956403222188275
-0.12496306245861613 0.07309303653311483 -0.06055703026741049 -0.9876104936241437
0.036125996071243956 0.13726498507222779 0.008260999101604004 -0.9898408923533241
0.16302393031030063 0.21120490971382766 0.05156097795864051 -0.962370588604465
0.434406929338723 0.44263592800018187 -0.66367689204533 -0.4182069319738387
0.34199694564745575 0.3377659463198757 -0.7817828757536028 -0.3971999368742107
0.20861297602411205 0.2382549726173576 -0.8832848984840725 -0.34572096026629234
0.08660801233826493 0.1309970186619676 -0.9455391347024602 -0.2851220406187739
-0.023319000320099918 0.03670600050386327 -0.9805180134595709 -0.19155500262947553
-0.13066394083080773 -0.031509985731178844 -0.9856565536603155 -0.10205495378595546
-0.2272059738069016 -0.09907098857875035 -0.9686588883296194 -0.016196998132753472
-0.40229983707885764 -0.15229193832566093 -0.8983056362091978 0.08949296375763909
-0.48386208129053004 -0.12485402097591429 -0.8612231446885148 0.0926480155651922
-0.5623269616976626 -0.08772299402483617 -0.8166229443765466 0.09602099345962627
-0.6264737560934538 -0.06593697432859794 -0.7664157016095169 0.12565795107728528
-0.6773569055496984 -0.03642599492077784 -0.7259448987746133 0.11342298418435691
-0.7558358933451383 -0.061463991326908995 -0.6452449089504652 0.09269998691924483
-0.7821378530011152 -0.056509989379231046 -0.6145108845057627 0.0862749837850497
-0.7771977979173295 -0.07367298084395922 -0.6196138388914384 0.08132997885302896
-0.7654667264367847 -0.07257797406201569 -0.635941772726534 0.06611497637176784
-0.7556036854282726 -0.0635359735488043 -0.6497737294872319 0.05310697789058723
-0.7538201563532471 -0.0573450118941882 -0.6534951355443809 0.03756100779069845
-0.7575557243395368 -0.04089898511761865 -0.6514747629404292 0.004150998489528717
-0.7574107782434112 -0.046943986255624355 -0.6500818096674504 -0.03897198858968542
-0.7402721091379549 -0.047662007026786385 -0.6655320981190717 -0.08241701215069978
-0.7149258291205935 -0.04435698939792674 -0.687702835627351 -0.11822997174103024
-0.7074909180545155 -0.05031999417166185 -0.6981189191400319 -0.09774698867840682
-0.7100357481794762 -0.061334978247001806 -0.700793751457233 -0.03123098892365066
-0.7206945513825557 -0.038454976062573185 -0.692177569133787 -0.0032849979551567523
-0.7228257470291034 -0.06070397875512875 -0.6880327592057772 0.021186992585083567
-0.717530831987664 -0.07290398292927923 -0.6922588379051892 0.024742994206341986
-0.7159479479355512 -0.05155599625079653 -0.6962389493688091 0.003440999749767066
-0.7181342735492461 -0.032879012524160756 -0.695033264749689 0.011441004358068167
-0.7303430701374046 -0.014614001403433772 -0.6829220655833994 -0.0016980001630649067
-0.7214389438020727 -0.003941999692930061 -0.6915779461281548 -0.035074997267763044
-0.7100529929921321 0.005859999942164731 -0.703952993052336 -0.015510999846914189
-0.698267878661303 -0.006236998916190555 -0.7157648756208326 0.007981998612960239
-0.6987220965654967 -0.03673500507688826 -0.713953098670467 0.026626003679793845
-0.7072927419743501 -0.020214992625420425 -0.7063747423092432 0.0190539930489617
-0.7099490500034882 0.006947000489294628 -0.7028500495034877 0.04388500309093059
-0.7011105441559505 0.020489986677937486 -0.7124415367888305 0.021241986189006735
-0.7059288979586911 0.04959099283167209 -0.7047498981291143 0.0503259927254286
-0.7065828711101104 0.03267999403874479 -0.70442387150394 0.05881898927065269
-0.7077951447218263 0.00199000040689244 -0.7036271438696013 0.06269701281956548
-0.7065060167339484 -3.500000082899253e-05 -0.7049420166969044 0.06249800148029643
-0.7065659813699751 -0.0006509999828350837 -0.704843981415379 0.06292099834096206
-0.7065436831569151 -0.0002689998793694521 -0.7048556839138831 0.06304297172895305
-0.705987237304236 0.00017500005882295464 -0.7053882371028933 0.06332002128382565
-0.7066649015739528 -0.0006419999105806537 -0.7047399018420716 0.06297599122854712
-0.7067206917521766 -0.0007299996815986632 -0.7046936926362855 0.06286597257997475
-0.7063260553360574 -0.000648000050766594 -0.705102055240165 0.06272300491393992
-0.7065950095934405 -0.0007540000102370582 -0.7048170095693006 0.062896000853939
-0.706275144154303 -0.0007110001451186995 -0.705162143927134 0.06262001278105901
-0.7049637293144239 -0.002338999101892348 -0.7063457287837762 0.06400297542471824
-0.7049471615097577 -0.0020280004646332115 -0.7063421618293649 0.06423501471682166
-0.7051380112250922 -0.002013000032044948 -0.7061350112409633 0.06441800102547017
-0.7050999741968669 -0.002457999910049495 -0.7062009741565759 0.06409499765444361
-0.7050638279157977 -0.002394999415454959 -0.7062358276297488 0.06411098435249808
-0.705104381347699 -0.0023810012877375133 -0.7061953819377544 0.06411103467372521
-0.7049171808384194 -0.0022750005836253123 -0.7063471812052695 0.06450001654673962
-0.7048147452324222 -0.0023899991360931436 -0.7064487446417845 0.0645029766842745
-0.7050305342213788 -0.002107998607350126 -0.7062595334094403 0.06422595756910304
-0.7050731810927817 -0.0022690005827758573 -0.7062201813873802 0.06418501648544223
-0.7051088681488846 -0.0024469995424258105 -0.7061828679480532 0.06419698799554956
-0.7048299591318458 -0.0022609998689004486 -0.7064279590391889 0.06456899625609601
-0.7049673072156548 -0.002186000952631005 -0.7063293078091971 0.06415002795575432
-0.7050290891149774 -0.0020990002653115515 -0.7062640892710802 0.06419200811380614
-0.70495291253826 -0.002006999750996574 -0.7063209123685357 0.06440599200931009
-0.7060311947474354 -0.0036210009987953273 -0.7053231945521449 0.06345101750195037
-0.7050178339595069 -0.002108999503304313 -0.7062638336660584 0.06431798485231237
-0.706114915608328 -0.003588999571058948 -0.7052389157130233 0.06345799241578676
-0.7050310298845034 -0.002312000097999906 -0.706266029936852 0.0641420027188192
-0.7060920589357415 -0.0036060003009838423 -0.7052540588657956 0.06354300530377602
-0.7061019217533199 -0.0036999995899845684 -0.705248921847845 0.06348499296491089
-0.7061180715915497 -0.0038070003859822714 -0.7052340715019231 0.06346400643445729
-0.7061047961708762 -0.003617998955603246 -0.7052407964202844 0.06354798165579742
-0.7060766851767161 -0.003489998443890311 -0.7052686855369845 0.06355797166096859
-0.7051127704921765 -0.0023179992455122306 -0.7061827701439013 0.06415997911650763
-0.7050471073733947 -0.0021870003330637738 -0.7062461075559936 0.06418900977550551
-0.7061640778291719 -0.003924000432479808 -0.7052040777233666 0.06327800697412264
-0.7049533866367256 -0.0021820011967341583 -0.7063483874018237 0.06409303515228341
-0.7061267435475235 -0.003764998632620515 -0.7052307438729345 0.06340697697173148
-0.706132070064899 -0.003718000368913028 -0.7052210699745063 0.0634580062965258
-0.705007534894345 -0.002406998412061549 -0.7062885340492477 0.06414895767982397
-0.706110661259379 -0.004013998074375201 -0.7052526616709849 0.06332696962031846
-0.705062303776159 -0.0021240009151259915 -0.7062223042759453 0.064286027697641
-0.7041947332179884 -0.0015679994059682415 -0.7070307321435789 0.06492197540450903
-0.7050938080022772 -0.0023689993549191944 -0.706197807701657 0.06420098251801064
-0.70500381944784 -0.0022879994140411375 -0.7062908191182382 0.06416898356626126
-0.7050404256143498 -0.0023790014361405568 -0.7062544263472101 0.06416403873414152
-0.704950795987974 -0.002458999288368168 -0.7063497955831051 0.06409598145068975
-0.7050389977706667 -0.0022809999927874782 -0.7062509977668343 0.0642209997969332
-0.7049479603896802 -0.0023609998673377822 -0.7063519603107908 0.06410699639789208
-0.7049408305184983 -0.0023819994273209574 -0.7063548301785452 0.06415298457637338
-0.7050102707518439 -0.0024760009508823498 -0.7062942712449508 0.06405302459889627
-0.7048500008919877 -0.002258000002857499 -0.7064140008939669 0.06450300008162856
-0.704983873804373 -0.002326999583455477 -0.7063088735671914 0.06418798851003014
-0.7049999651190701 -0.002250999888628407 -0.7062959650549486 0.06415599682578592
-0.7048150132089382 -0.0023000000431043013 -0.7064420132394299 0.06457700121023759
-0.7050639917979907 -0.0024049999720226357 -0.7062359917843568 0.06410699925424328
-0.7050458114743005 -0.002471999338999825 -0.7062588111499505 0.06405298287255494
-0.7050320346304694 -0.0024170001187206317 -0.7062680346911805 0.06410500314877372
-0.7049966874954826 -0.002361998952994594 -0.7063046869156845 0.06409197158989395
-0.7049786527917543 -0.0023989988184717824 -0.7063236521293301 0.0640799684400466
-0.704950683803606 -0.0021699990266753648 -0.7063416831796915 0.06419697120528958
-0.7061101352462299 -0.0036070006908741573 -0.7052361350788265 0.06354101217045602
-0.704998134033553 -0.0021110004013413235 -0.706291134279377 0.06423401221210732
-0.7046699515271649 -0.0021039998552700627 -0.7065859513953672 0.06459199555684596
-0.7060932022749017 -0.0033550009611089406 -0.705248202032834 0.06360901822210986
-0.7047749936644252 -0.0020559999815175883 -0.706472993649161 0.06468299941853217
-0.7060858717603425 -0.00361699934307883 -0.7052658719092713 0.0634799884707338
-0.7060896895476128 -0.003691998376708049 -0.7052676899090282 0.06341297211868567
-0.705032820742608 -0.002384999393604441 -0.7062628204298756 0.06415498368834086
-0.704999817281696 -0.002229999422039975 -0.706286816948138 0.06425898334568014
-0.7050159872222903 -0.002409999956321161 -0.7062839871993092 0.06410599883814289
-0.7061487764965331 -0.003797998797893692 -0.7051997767969015 0.06350397990032676
-0.7050262455807774 -0.0021410007457717084 -0.7062552460088732 0.06431902240415249
-0.7048359059495223 -0.0021599997117782974 -0.7064259057373591 0.06452999138937665
-0.7041909791295402 -0.0014369999574109142 -0.707039979045103 0.06486499807756366
-0.7050347517915018 -0.002232999213869416 -0.7062497513637594 0.06428297736908538
-0.7050340692477446 -0.002175000213626356 -0.7062550693676699 0.06423400630900017
-0.7050408172943363 -0.0020429994705731002 -0.7062448169823294 0.06427698334313615
-0.7061447147172398 -0.003623998535903075 -0.70519971509902 0.06355997432174378
-0.7050450796175726 -0.002114000238724547 -0.7062420797527444 0.064258007256368
-0.7050323622407855 -0.0021300010943799334 -0.7062573628701825 0.06422903300043602
-0.7061137990601657 -0.003518998998593319 -0.7052247993131495 0.06363098189243861
-0.7050451354497592 -0.0023380004491649993 -0.7062511356814499 0.0641500123241808
-0.706153032463621 -0.0035940001652251764 -0.7051970324196712 0.06349900291920797
-0.7061428942794713 -0.0037309994414115944 -0.7052098944191559 0.06346099049890679
-0.7051532535241475 -0.002423000871142871 -0.70614925388224 0.06408002303872687
-0.705071942486579 -0.002486999797132948 -0.7062329423918751 0.0640499947753781
-0.7050350779254163 -0.002285000252554237 -0.7062600780608119 0.0641640070918556
-0.7050489489791347 -0.002111999847165137 -0.7062359488932374 0.06428299534816122
-0.7050081630747521 -0.0023020005324735026 -0.7062831633696711 0.0642050148511995
-0.7060896769845233 -0.0037389982895171046 -0.705263677362394 0.06345497097119761
-0.7048289711027176 -0.0023109999052513164 -0.7064299710370782 0.06455599735326871
-0.705080891880789 -0.0022839996497646684 -0.7062098917076648 0.0642129901533882
-0.7050282371479204 -0.0022670007625432403 -0.7062632375633332 0.06420502159642202
-0.7050999957380231 -0.002284999986188318 -0.7061919957314226 0.0641999996119431
-0.7050342776393805 -0.002482000977401008 -0.7062732781272935 0.06402002521080279
-0.7050361443448847 -0.002096000429122596 -0.7062521445938413 0.0642460131533446
-0.7061215543650624 -0.003688997671865081 -0.7052335549254809 0.06343795996415749
-0.7050399026375213 -0.002168999700472007 -0.7062499024704264 0.06422699113057427
-0.7047959732188107 -0.002130999919025201 -0.7064579731556573 0.06461599754468908
-0.7050697122861389 -0.0021319991300070185 -0.706221711816049 0.06421097379778642
-0.7050345247934948 -0.0023739983998805115 -0.7062585239684964 0.06418395673880825
-0.705040858445436 -0.002196999558897458 -0.7062438582039037 0.06428198709378535
-0.7049648551075308 -0.0025569994744561167 -0.7063418548245142 0.06402498684084978
-0.7049783813430014 -0.0022610012230403305 -0.706307382061896 0.06426703476388011
-0.7050796378595572 -0.0020269989589001567 -0.7061976372853344 0.06436996693853136
-0.7073432599787579 -0.0021890008045509757 -0.7041312587982107 0.06212802283469303
-0.7049038852088788 -0.0005739999065261318 -0.7064508849569554 0.06353998965273591
-0.7048340813801478 -0.0004080000471076882 -0.7065220815750443 0.06352400733448231
-0.704802772677884 -0.0005439998245421329 -0.7065607721108713 0.06343997953851638
-0.7048520241943986 -0.00048000001647624085 -0.7065060242511729 0.06350300217977234
-0.7049398209364965 -0.0005809998524187938 -0.7064078205636063 0.0636199838397309
-0.7035798649710759 -0.0018039996537818315 -0.7076428641913175 0.06491298754209536
-0.703422094556818 -0.0018660002508352346 -0.7078140951472084 0.06475400870449345
-0.70347972127541 -0.0017809992943530807 -0.7077497195836007 0.06483397431223337
-0.7027636320031911 0.0008869995355294672 -0.7085236289870127 0.06416196640207629
-0.70282172973101 0.0009609996304491047 -0.7084637275613886 0.06418597531738422
-0.7061098761871747 -0.0038299993284288273 -0.7052508763377959 0.06336698888891631
-0.7047550194138867 -0.0021240000585098302 -0.7064970194618737 0.06463600178052796
-0.7047838709868575 -0.0021309996099130985 -0.7064708706780463 0.06460698817346577
-0.7047437655423594 -0.002072999310344339 -0.7065087649551707 0.0646319784979138
-0.7061436911430561 -0.0031849986069280964 -0.7051886915607589 0.06371697213112637
-0.7050400351060594 -0.0023420001166152148 -0.7062510351663587 0.0642070031970594
-0.7048182262065122 -0.002135000685213635 -0.7064382267264402 0.0645890207293974
-0.7041741244215933 -0.0013800002438343348 -0.707054124930465 0.06489501146639794
-0.7050030766133936 -0.0022940002492913146 -0.7062980767541224 0.06409700696548622
-0.7049490329961977 -0.0021770001018977577 -0.7063390330612587 0.06424400300703699
-0.7028001984166884 0.0008470002391276823 -0.7084922000236716 0.06410901809945287
-0.7029059648807101 0.0006559999672242744 -0.7083769646073625 0.06422499679112656
-0.7049247506970617 -0.0021969992230115895 -0.7063717501853174 0.06414997731278718
-0.7048327976485239 -0.002074999404285394 -0.7064127971949195 0.06470998142231704
-0.7034996547921005 -0.0018949990701222891 -0.7077236527193811 0.06489896815401923
-0.7034596350065458 -0.0018509990396001427 -0.7077746327676883 0.06477796638963698
-0.7048561615414206 -0.0005880001347599443 -0.706503161918886 0.06348801455040705
-0.7049400272579166 -0.0006630000256362224 -0.706404027314525 0.06365900246150269
-0.7049549232522666 -0.000558999939142239 -0.7064039230945155 0.0634959930872551
-0.7048660046151102 -0.00053200000348327 -0.706495004625776 0.06347000041556983
-0.7065037953763951 -0.000520999849103617 -0.7048697958496478 0.06332998165783506
-0.7073008649543515 -0.0020359996112645955 -0.7041738655513925 0.06213298813688758
-0.7061062369403426 -0.0036050012096908047 -0.7052392366494128 0.06355002132478518
-0.7050928050725379 -0.0023659993459041926 -0.7062118047631831 0.06405798229075688
-0.7061977953290784 -0.0034949989870760455 -0.7051527956319413 0.06349798159695415
-0.7061760776394739 -0.0038530004236123757 -0.7051780775297503 0.0634380069745969
-0.7061180594971571 -0.0035960003029972 -0.7052300594223346 0.06352100535224836
-0.705046805928138 -0.0022349993847919193 -0.7062478055975496 0.06417198233595842
-0.7051807734540136 -0.0023449992466468353 -0.706116773153315 0.06413797939506811
-0.7061637885883635 -0.0035559989354034195 -0.7051797888829537 0.06357298096749202
-0.7050637791761741 -0.0022879992834056004 -0.7062347788094205 0.06412697991562541
-0.7062348838430864 -0.003678999394902143 -0.7051158840271322 0.06348498955840243
-0.7061500950728776 -0.003702000498420722 -0.7052040949455124 0.0634470085422203
-0.7047739276077403 -0.0021609997780285975 -0.7064739274331214 0.06468099335616276
-0.7061297844761594 -0.003622998894193881 -0.7052117847563497 0.06359198059055403
-0.7061468203156683 -0.00388499901143299 -0.7052088205543494 0.06341998386231151
-0.7061642556382154 -0.003928001421974088 -0.705195255287428 0.0633740229420025
-0.7049980215574299 -0.0023800000727756433 -0.7063020215973035 0.06410600196023336
-0.7061510501755646 -0.0035930002553006416 -0.7051960501077071 0.06353200451426674
-0.7050765379850008 -0.002567998317269578 -0.7062185372366839 0.06415495796122656
-0.7061558682807582 -0.003977999257983867 -0.7052078684575885 0.0633239881881776
-0.7041698337803781 -0.0013509996810958872 -0.7070598330981925 0.06487998468504896
-0.7051626832614435 -0.0025229988667423305 -0.7061296828270955 0.06418797116863127
-0.7051092252672736 -0.0022590007217022775 -0.7061842256107133 0.06418502050573735
-0.7048080363539994 -0.002098000108214848 -0.7064460364384875 0.06461600333289354
-0.7061700610734735 -0.0035220003046019708 -0.7051710609870745 0.0636020055006515
-0.7041089223061614 -0.0013009998564431303 -0.7071179219741379 0.06490899283771494
-0.7047532842756848 -0.0020370008216631505 -0.706500284980371 0.06462202606652728
-0.7041342219480707 -0.0012910004069324294 -0.707095222881399 0.06488202045127024
-0.7049808043548117 -0.0020719994249819075 -0.7062958039898751 0.06437398213503151
-0.7050736919685303 -0.0019149991633782208 -0.7061996914766056 0.06441597185805299
-0.7050358074018697 -0.002226999391639524 -0.7062488070705085 0.06428198243977186
-0.7061848822652194 -0.003921999346126285 -0.7051768824332727 0.06334898943848905
-0.7062358774567861 -0.0035459993847124244 -0.705111877651818 0.06352598897722546
-0.7061550067172995 -0.003685000035053563 -0.705198006708196 0.06346100060367277
-0.7050137264557848 -0.0020859991906356 -0.7062657259700108 0.06434297503502705
-0.7049979924177466 -0.0020189999782856552 -0.7062839924039157 0.06431699930827067
-0.705018833759751 -0.0020509995163836003 -0.7062728334640638 0.0642099848595763
-0.70497503079754 -0.0021050000919590364 -0.7063130308559917 0.06424700280669463
-0.705075397649945 -0.0022190012514771164 -0.706215398292885 0.06421503621613475
-0.7051298302350779 -0.0023169994421662326 -0.7061648299858946 0.06416998455062889
