1.01 0.03 -0.02
1.01 0.03 -0.01
1.01 0.02 0.0
1.01 0.03 0.01
1.0 0.03 0.0
1.0 0.02 0.0
1.01 0.04 -0.0
1.01 0.03 -0.01
1.01 0.04 -0.01
1.01 0.02 0.0
1.01 0.04 0.01
1.0 0.02 0.0
1.01 0.03 0.01
1.01 0.02 -0.02
1.01 0.03 -0.0
1.0 0.03 0.0
1.0 0.02 -0.01
1.01 0.03 -0.01
1.0 0.04 -0.01
1.01 0.03 -0.0
1.01 0.03 -0.0
1.01 0.03 -0.02
1.01 0.03 -0.01
1.01 0.03 -0.02
1.01 0.04 -0.01
1.01 0.03 0.02
1.01 0.03 0.0
1.01 0.02 -0.02
1.0 0.03 -0.01
1.01 0.03 -0.0
1.01 0.04 -0.02
1.01 0.03 -0.01
1.0 0.03 -0.01
1.0 0.03 -0.01
1.0 0.04 -0.0
1.01 0.03 -0.01
1.01 0.02 -0.01
1.01 0.03 0.0
1.01 0.02 -0.01
1.01 0.03 -0.01
1.01 0.04 -0.0
1.0 0.03 -0.0
1.0 0.03 0.0
1.01 0.02 -0.0
1.0 0.02 -0.01
1.0 0.03 -0.0
1.01 0.03 -0.04
1.0 0.03 -0.02
1.0 0.03 -0.0
1.01 0.04 -0.01
-0.99 0.01 -0.1
-1.0 0.02 -0.09
-0.99 0.0 -0.08
-0.99 0.01 -0.09
-0.99 0.01 -0.09
-0.99 0.01 -0.09
-0.99 0.0 -0.1
-1.0 0.0 -0.1
-0.99 0.01 -0.09
-1.0 0.02 -0.1
-1.0 0.02 -0.09
-1.0 0.01 -0.09
-0.99 0.01 -0.1
-0.99 0.02 -0.11
-1.0 0.0 -0.09
-0.99 0.0 -0.11
-0.98 0.01 -0.1
-0.99 0.01 -0.1
-1.0 0.0 -0.1
-0.98 0.0 -0.1
-0.99 0.02 -0.1
-0.99 0.01 -0.09
-0.99 0.01 -0.09
-1.0 0.0 -0.09
-1.0 0.0 -0.1
-1.0 0.01 -0.1
-0.99 0.01 -0.1
-0.99 0.01 -0.09
-1.0 0.02 -0.09
-1.0 0.01 -0.1
-1.0 0.01 -0.1
-0.98 0.01 -0.09
-0.99 0.01 -0.1
-0.99 0.01 -0.09
-1.0 0.02 -0.09
-1.0 0.01 -0.08
-1.0 0.01 -0.09
-0.99 0.02 -0.1
-0.99 0.01 -0.1
-0.99 0.01 -0.1
-0.99 0.01 -0.1
-0.99 0.01 -0.08
-0.99 0.01 -0.09
-0.99 0.02 -0.09
-0.99 0.01 -0.1
-1.0 0.01 -0.11
-1.0 0.0 -0.1
-1.0 0.01 -0.08
-1.0 0.01 -0.11
-1.0 -0.0 -0.09
0.01 -0.98 -0.1
0.01 -0.97 -0.1
0.01 -0.98 -0.09
0.02 -0.97 -0.1
0.02 -0.98 -0.12
0.01 -0.97 -0.1
0.02 -0.98 -0.11
0.02 -0.98 -0.1
0.01 -0.98 -0.09
0.02 -0.98 -0.11
0.02 -0.98 -0.1
0.02 -0.98 -0.1
0.02 -0.98 -0.1
0.02 -0.98 -0.11
0.02 -0.98 -0.1
0.01 -0.98 -0.1
0.01 -0.97 -0.1
0.01 -0.99 -0.11
0.02 -0.98 -0.12
0.01 -0.98 -0.11
0.01 -0.98 -0.11
0.02 -0.97 -0.11
0.02 -0.98 -0.1
0.02 -0.98 -0.1
0.02 -0.98 -0.1
0.02 -0.98 -0.11
0.02 -0.97 -0.11
0.01 -0.97 -0.12
0.02 -0.98 -0.13
0.02 -0.97 -0.12
0.01 -0.98 -0.1
0.02 -0.98 -0.11
0.01 -0.98 -0.11
0.02 -0.98 -0.12
0.01 -0.97 -0.13
0.01 -0.97 -0.12
0.02 -0.97 -0.12
0.02 -0.98 -0.12
0.02 -0.97 -0.11
0.02 -0.97 -0.12
0.02 -0.98 -0.14
0.01 -0.98 -0.12
0.01 -0.98 -0.13
0.02 -0.98 -0.12
0.02 -0.98 -0.12
0.02 -0.98 -0.12
0.02 -0.98 -0.12
0.02 -0.98 -0.12
0.01 -0.97 -0.13
0.02 -0.98 -0.12
0.01 1.02 -0.01
0.01 1.03 -0.02
0.0 1.02 -0.02
0.02 1.02 -0.01
0.01 1.02 -0.0
0.01 1.01 -0.02
0.0 1.02 -0.01
-0.0 1.03 -0.02
0.02 1.02 -0.02
0.01 1.02 -0.02
0.01 1.02 -0.01
0.02 1.02 -0.01
0.02 1.02 -0.01
0.01 1.03 -0.01
0.01 1.01 -0.01
0.01 1.02 -0.02
0.01 1.03 -0.02
0.01 1.01 -0.02
0.0 1.02 -0.02
0.01 1.02 -0.02
-0.0 1.02 -0.01
0.0 1.01 -0.0
0.0 1.02 -0.01
0.01 1.03 -0.0
0.01 1.02 -0.02
0.01 1.02 -0.01
0.01 1.01 -0.01
0.01 1.0 -0.01
0.0 1.03 -0.01
0.01 1.02 -0.02
-0.0 1.03 -0.02
0.01 1.02 -0.01
0.01 1.03 -0.01
0.01 1.03 -0.01
0.01 1.02 -0.03
0.0 1.03 -0.0
0.0 1.02 -0.01
0.01 1.02 -0.0
0.01 1.02 -0.03
0.02 1.02 0.01
0.0 1.02 -0.03
0.0 1.02 -0.02
0.01 1.01 -0.01
0.01 1.01 -0.01
0.01 1.02 -0.01
0.01 1.02 -0.02
-0.0 1.02 -0.01
0.01 1.01 -0.01
0.01 1.03 -0.02
0.01 1.03 -0.02
-0.01 0.01 -1.06
-0.0 0.02 -1.06
-0.01 0.01 -1.06
-0.01 0.01 -1.07
-0.01 0.0 -1.06
-0.01 0.02 -1.05
-0.01 0.01 -1.05
-0.0 0.01 -1.06
-0.0 0.0 -1.06
-0.01 0.01 -1.06
-0.01 0.01 -1.07
0.0 0.0 -1.05
-0.0 0.02 -1.06
-0.01 0.01 -1.07
-0.01 0.01 -1.07
-0.01 0.0 -1.07
-0.0 0.0 -1.06
0.0 0.02 -1.06
-0.0 0.01 -1.06
-0.0 0.01 -1.06
-0.01 0.01 -1.06
-0.01 0.01 -1.06
-0.0 0.01 -1.06
-0.0 0.01 -1.06
-0.01 0.0 -1.08
0.0 -0.0 -1.06
-0.0 0.01 -1.03
-0.01 0.02 -1.05
-0.01 0.02 -1.06
-0.01 0.02 -1.05
-0.01 0.0 -1.05
-0.01 0.01 -1.07
-0.01 0.01 -1.06
-0.0 0.01 -1.06
-0.0 0.02 -1.07
-0.0 0.01 -1.06
-0.01 0.01 -1.04
0.0 0.01 -1.06
-0.01 0.0 -1.07
-0.01 0.01 -1.05
-0.01 0.01 -1.06
-0.01 0.01 -1.07
-0.01 0.01 -1.05
0.0 0.02 -1.05
-0.01 0.01 -1.05
-0.0 0.02 -1.06
-0.01 0.01 -1.05
-0.01 0.01 -1.05
-0.0 0.01 -1.07
-0.01 0.0 -1.06
0.01 0.03 0.96
0.01 0.02 0.98
0.01 0.03 0.96
0.01 0.03 0.96
0.01 0.02 0.96
0.01 0.03 0.96
0.01 0.02 0.95
0.01 0.03 0.96
0.01 0.03 0.96
-0.0 0.03 0.97
0.01 0.03 0.97
0.0 0.03 0.97
0.0 0.03 0.94
-0.01 0.03 0.96
-0.01 0.02 0.96
0.01 0.02 0.96
-0.0 0.02 0.96
0.0 0.04 0.95
0.0 0.01 0.94
0.0 0.03 0.96
0.0 0.03 0.97
-0.01 0.02 0.96
-0.01 0.02 0.95
0.0 0.03 0.97
-0.0 0.02 0.95
0.02 0.06 0.9
0.01 0.03 0.96
0.01 0.02 0.97
0.01 0.03 0.96
0.02 0.02 0.95
0.01 0.03 0.96
0.02 0.03 0.97
0.01 0.02 0.96
0.01 0.02 0.96
0.02 0.02 0.96
0.01 0.02 0.96
0.02 0.02 0.95
0.01 0.03 0.95
0.02 0.03 0.96
0.01 0.03 0.96
0.02 0.03 0.96
0.02 0.02 0.96
0.01 0.03 0.96
0.01 0.03 0.95
0.02 0.03 0.97
0.02 0.03 0.97
0.02 0.03 0.96
0.03 0.03 0.96
0.02 0.03 0.95
0.02 0.02 0.97
