71.57 -7.8 -26.71
72.32 -8.85 -28.06
72.47 -7.95 -27.91
72.77 -7.95 -26.86
73.52 -7.95 -25.51
76.97 -8.4 -26.11
79.37 -11.7 -23.26
81.92 -15.45 -19.95
90.32 -16.65 -22.66
100.83 -20.26 -30.76
107.88 -21.31 -1.5
109.98 -23.41 -56.41
109.98 -24.76 -56.71
105.93 -21.01 -40.51
97.97 -15.6 -30.16
86.72 -14.55 -23.26
66.77 -15.75 -18.6
51.46 -16.35 -23.26
40.51 -11.4 -34.21
35.26 -9.3 -47.11
37.66 -8.25 -65.27
45.31 -10.8 -82.82
55.21 -16.05 -90.92
57.46 -16.35 -91.22
43.81 -17.85 -81.02
32.41 -19.5 -58.81
37.81 -22.51 -33.01
59.26 -26.86 -18.15
82.07 -27.91 -18.45
88.97 -32.41 -19.65
93.77 -48.76 -30.76
92.12 -60.62 -39.76
90.02 -64.82 -56.11
91.37 -58.96 -71.72
89.42 -51.46 -83.12
84.92 -43.06 -90.77
76.97 -28.81 -95.42
72.32 -22.66 -94.97
71.42 -16.5 -92.72
76.07 -2.55 -84.02
80.72 8.4 -59.71
89.57 2.4 -40.96
92.42 -6.0 -29.41
90.32 -19.05 -24.31
87.47 -28.96 -18.9
81.47 -39.91 -17.4
73.67 -51.16 -20.86
67.52 -60.17 -28.51
69.02 -66.77 -39.31
73.37 -69.92 -60.17
76.52 -59.71 -78.92
75.92 -49.36 -90.02
73.82 -31.66 -96.77
74.72 -22.96 -94.22
78.32 -24.46 -94.52
82.52 -56.56 -84.32
82.07 -68.57 -57.31
82.82 -61.82 -34.21
75.92 -49.36 -21.46
63.32 -23.56 -16.95
58.66 0.15 -31.36
58.51 -2.85 -29.71
53.71 -7.65 -26.86
49.51 -15.45 -26.11
46.36 -21.46 -23.41
45.31 -21.46 -25.51
44.41 -31.06 -24.31
57.91 -48.61 -20.71
75.32 -54.91 -23.41
87.32 -50.71 -26.11
88.67 -45.76 -23.86
90.62 -43.06 -22.96
92.12 -33.76 -21.46
93.92 -29.26 -21.76
91.52 -21.01 -23.41
91.37 -17.7 -24.01
90.47 -9.45 -27.16
87.62 -7.35 -28.51
80.12 -4.2 -26.86
72.02 -3.75 -26.56
65.87 -3.6 -25.96
58.81 -6.0 -25.96
51.61 -11.85 -25.51
50.41 -13.2 -25.66
45.76 -16.35 -27.31
47.26 -19.8 -24.01
45.61 -21.01 -23.11
46.96 -25.36 -22.06
48.46 -35.11 -22.06
49.66 -41.41 -20.86
59.26 -47.41 -21.16
68.72 -48.76 -21.61
76.07 -49.06 -21.16
79.67 -50.11 -22.66
80.42 -51.16 -21.16
80.57 -49.36 -22.06
81.02 -48.76 -21.16
79.07 -42.91 -20.41
82.67 -39.46 -19.65
87.32 -35.11 -19.35
86.72 -31.81 -19.2
90.92 -30.76 -19.5
92.12 -28.81 -21.46
93.92 -23.56 -24.46
93.02 -18.45 -24.61
91.07 -15.0 -25.51
88.07 -12.75 -24.61
79.97 -7.2 -22.21
74.87 -5.55 -23.11
72.32 -6.45 -22.21
70.97 -7.35 -22.81
70.67 -7.65 -23.11
70.67 -8.7 -22.81
73.97 -7.2 -22.96
73.52 -7.95 -22.36
71.27 -8.55 -22.96
68.87 -7.35 -24.46
65.72 -5.55 -23.41
63.92 -5.85 -24.76
65.87 -6.45 -24.31
72.77 -9.45 -21.76
79.37 -19.5 -18.45
81.32 -31.36 -15.6
77.57 -40.96 -17.1
74.87 -48.16 -19.35
70.52 -51.61 -19.8
68.27 -52.51 -21.01
62.87 -49.66 -20.41
63.02 -50.86 -20.26
61.67 -54.01 -21.61
59.26 -52.66 -22.96
56.41 -55.81 -26.41
53.71 -56.71 -30.31
55.66 -58.96 -29.41
57.46 -64.22 -36.91
60.02 -68.72 -44.26
58.51 -68.57 -50.56
56.26 -67.67 -54.76
55.66 -67.82 -54.01
61.82 -69.02 -54.16
70.52 -69.62 -53.56
81.32 -70.07 -52.06
86.42 -64.67 -46.06
83.12 -66.77 -46.81
75.47 -67.52 -42.31
66.02 -68.42 -41.56
57.31 -67.67 -44.26
50.41 -62.57 -42.01
45.46 -56.86 -36.91
45.16 -50.86 -29.71
44.71 -42.46 -26.71
45.16 -36.76 -24.01
50.56 -35.11 -21.46
55.51 -30.61 -18.6
58.96 -25.66 -17.25
63.32 -26.71 -16.2
69.47 -32.11 -15.15
71.72 -34.06 -15.9
73.07 -35.56 -14.55
74.57 -38.41 -15.6
77.72 -39.46 -17.25
81.47 -41.41 -19.2
84.92 -40.96 -20.86
89.57 -43.51 -22.96
90.92 -49.06 -25.36
90.62 -54.01 -28.36
85.37 -57.16 -31.06
86.12 -59.56 -32.71
84.77 -63.77 -36.76
83.87 -63.92 -40.96
81.02 -67.07 -42.31
79.37 -68.57 -42.31
78.62 -67.82 -44.41
73.37 -67.82 -87.02
64.97 -66.92 -41.11
57.01 -64.22 -40.66
51.91 -63.02 -39.76
49.66 -61.52 -38.26
53.26 -62.87 -40.36
55.96 -66.02 -44.71
58.36 -67.67 -61.67
61.37 -63.17 -75.17
62.87 -55.66 -85.22
67.52 -47.11 -91.97
72.77 -34.06 -97.07
77.42 -23.56 -95.12
79.82 -16.05 -93.02
80.42 -13.8 -91.52
77.42 -11.85 -92.72
72.62 -14.85 -92.87
65.27 -22.36 -94.52
62.87 -26.71 -95.12
59.56 -31.51 -94.52
56.71 -37.06 -91.22
51.61 -41.56 -87.17
50.86 -46.81 -84.77
49.96 -46.96 -85.97
48.01 -46.51 -85.52
50.41 -49.81 -83.57
50.26 -52.06 -80.12
55.21 -55.96 -82.07
60.47 -57.46 -80.72
64.37 -61.22 -79.07
71.57 -61.07 -80.57
80.42 -58.66 -78.47
84.02 -55.36 -83.12
91.82 -51.76 -80.72
96.17 -46.36 -82.22
92.87 -40.51 -88.22
91.07 -34.81 -90.02
93.77 -34.66 -89.42
93.17 -34.06 -89.27
92.72 -29.71 -89.42
90.47 -26.41 -89.57
84.92 -22.66 -92.87
80.12 -19.35 -93.32
78.92 -20.56 -93.17
77.72 -22.06 -95.12
70.52 -18.45 -94.52
65.87 -23.71 -94.97
61.67 -23.41 -94.97
59.86 -22.66 -93.47
62.27 -23.26 -93.77
63.62 -18.9 -93.32
57.76 -11.4 -87.02
56.71 -1.2 -79.52
61.67 4.2 -73.82
68.42 7.05 -70.07
77.57 4.5 -74.72
84.32 0.0 -78.92
88.37 -6.9 -82.82
86.12 -11.25 -88.97
81.77 -16.65 -91.22
79.82 -21.01 -93.77
80.12 -27.76 -94.67
76.97 -27.46 -95.42
74.27 -31.96 -96.47
72.02 -32.71 -96.77
68.87 -32.71 -97.82
69.32 -34.51 -96.02
68.27 -32.41 -96.47
67.52 -30.91 -94.67
65.87 -30.01 -95.27
65.27 -28.36 -93.92
57.31 -21.46 -92.72
56.56 -14.7 -89.57
61.82 -14.4 -91.37
65.42 -10.5 -89.57
67.97 -7.5 -89.42
70.97 -5.25 -87.62
72.77 -3.45 -85.52
74.87 -3.45 -84.77
78.02 1.5 -81.77
82.37 4.05 -76.37
90.62 0.0 -71.72
97.67 -5.7 -73.07
100.38 -10.8 -75.32
102.63 -18.75 -77.12
101.88 -24.46 -79.82
101.58 -25.06 -83.27
105.18 -23.26 -77.72
106.53 -12.45 -61.07
94.07 -0.75 -43.06
79.37 -3.3 -29.56
67.67 -10.65 -20.56
56.56 -19.35 -21.01
53.86 -29.71 -20.26
50.56 -30.61 -20.41
49.66 -29.41 -19.2
46.36 -20.71 -25.81
49.21 -21.01 -22.06
54.76 -27.01 -19.95
54.31 -25.51 -18.45
49.66 -14.85 -25.36
47.71 -4.5 -34.36
50.56 -0.9 -41.11
51.61 1.8 -46.36
54.91 5.25 -48.16
57.01 8.1 -52.21
66.47 9.6 -55.21
77.57 10.2 -57.76
88.52 5.55 -51.61
93.47 0.0 -47.56
98.42 -0.75 -49.21
98.42 -1.5 -47.86
98.72 -4.35 -44.71
98.12 -6.9 -40.51
96.77 -12.3 -31.96
90.62 -16.65 -24.91
91.82 -28.51 -23.11
86.72 -24.01 -19.5
82.52 -25.06 -17.85
77.87 -25.06 -17.4
73.67 -26.26 -17.85
69.47 -24.76 -16.05
66.47 -21.76 -17.25
61.97 -23.41 -16.5
59.26 -22.36 -19.5
54.61 -23.41 -19.8
53.26 -19.05 -21.91
53.71 -15.0 -23.86
55.36 -8.25 -25.96
55.96 -6.0 -28.66
58.96 -2.7 -29.56
62.87 -0.3 -31.66
67.52 1.5 -31.66
73.07 -0.3 -29.86
76.37 -3.0 -26.56
72.47 -3.0 -27.16
58.36 -5.25 -26.56
46.36 -10.2 -31.36
39.46 -12.0 -36.16
36.91 -11.4 -43.06
35.56 -9.9 -54.61
44.56 -11.55 -78.32
58.36 -9.75 -88.22
68.72 -12.45 -92.12
77.42 -15.45 -93.02
86.87 -17.55 -89.57
94.67 -16.05 -84.47
97.67 -15.3 -80.57
98.87 -12.6 -80.87
96.92 -13.8 -81.62
99.47 -15.3 -81.62
103.53 -14.4 -73.97
105.48 -15.6 -65.87
107.73 -17.25 -60.92
108.93 -16.65 -54.61
102.18 -11.4 -40.96
91.67 -3.9 -38.26
86.42 2.1 -37.96
79.82 2.55 -35.41
69.77 6.3 -36.16
59.26 5.55 -39.31
51.31 2.25 -41.11
45.76 -0.45 -46.81
41.56 -4.35 -51.61
38.86 -5.55 -55.21
39.16 -5.7 -60.47
40.36 -6.9 -67.07
44.56 -10.8 -79.37
54.46 -16.05 -89.27
66.92 -23.41 -94.22
73.67 -23.71 -96.32
70.52 -21.91 -96.62
59.71 -16.05 -92.27
49.36 -12.75 -85.97
39.46 -16.95 -75.77
32.41 -18.45 -64.22
33.16 -20.86 -51.31
34.36 -20.71 -41.11
39.16 -22.66 -31.51
43.96 -32.11 -24.31
52.51 -47.41 -22.21
65.87 -58.96 -28.06
75.32 -66.17 -36.01
80.87 -67.22 -50.41
85.97 -65.42 -62.57
91.97 -60.47 -72.02
92.57 -57.01 -75.02
92.87 -52.06 -79.67
84.47 -38.71 -92.27
80.57 -33.01 -93.77
77.57 -30.01 -94.97
77.87 -24.46 -95.87
74.27 -7.95 -89.57
72.32 1.35 -78.92
73.07 5.4 -72.92
79.07 7.8 -66.77
83.57 8.4 -60.77
86.87 7.2 -57.91
92.42 4.5 -61.07
96.17 0.0 -62.57
102.03 -3.45 -61.97
104.43 -7.2 -60.17
104.43 -7.2 -50.26
98.72 -7.2 -39.61
95.87 -11.4 -30.76
93.47 -16.35 -25.36
88.52 -23.41 -22.21
86.72 -30.46 -18.15
80.72 -42.01 -18.45
75.02 -40.96 -16.8
73.07 -42.91 -18.3
71.72 -44.41 -19.05
72.32 -52.66 -21.61
71.87 -62.57 -33.16
75.02 -66.77 -44.41
75.62 -68.72 -60.92
74.42 -62.87 -77.12
73.67 -51.16 -89.72
71.87 -48.46 -92.12
74.27 -43.66 -92.27
71.72 -38.71 -95.72
73.52 -30.91 -95.72
73.82 -23.56 -96.02
74.42 -13.8 -92.87
76.07 0.0 -85.07
77.87 3.15 -77.87
76.37 7.5 -69.17
78.47 9.3 -58.96
81.92 8.85 -52.06
82.37 7.2 -43.21
84.02 -5.85 -29.26
84.32 -11.4 -23.56
84.47 -19.35 -19.35
81.62 -26.71 -16.95
80.72 -32.56 -17.4
80.57 -45.76 -19.65
82.67 -54.16 -25.81
87.77 -57.61 -33.16
90.62 -60.77 -39.31
91.97 -62.12 -46.06
95.12 -60.77 -47.86
98.12 -57.76 -48.31
103.08 -52.81 -47.71
102.63 -50.86 -44.41
102.78 -52.51 -41.86
100.68 -51.46 -42.16
97.52 -48.16 -34.36
91.82 -46.51 -27.91
91.67 -41.41 -24.01
87.32 -37.66 -19.95
81.47 -30.46 -17.4
78.02 -24.31 -18.0
77.87 -23.71 -18.45
78.92 -24.76 -18.45
74.87 -20.41 -18.3
77.57 -21.61 -18.9
81.62 -22.06 -19.35
77.57 -21.31 -17.4
74.72 -22.66 -16.8
69.62 -28.06 -13.5
69.02 -27.61 -14.1
71.42 -25.96 -16.95
73.97 -25.51 -16.5
75.92 -24.31 -17.7
75.02 -22.66 -18.15
74.42 -23.41 -18.45
73.67 -18.0 -17.85
76.82 -12.75 -20.86
74.87 -10.2 -21.76
69.62 -6.6 -24.16
67.37 2.4 -33.91
65.57 8.4 -43.66
67.82 11.1 -51.01
69.62 8.25 -45.91
75.62 -0.9 -28.96
78.62 -24.46 -16.5
77.87 -45.16 -18.45
77.87 -63.92 -34.21
73.97 -66.77 -63.92
74.57 -57.76 -84.17
76.67 -48.91 -90.62
76.67 -61.22 -81.02
75.62 -70.52 -56.11
73.52 -56.41 -27.16
71.72 -28.81 -15.9
75.32 -4.5 -25.51
81.92 5.1 -38.11
81.92 8.25 -56.56
83.12 6.3 -70.07
84.92 5.25 -73.07
85.07 3.3 -75.92
82.97 5.1 -70.52
80.42 8.1 -53.26
86.87 -6.6 -27.61
83.87 -30.01 -16.8
80.72 -55.81 -24.91
78.32 -69.62 -50.26
71.72 -64.52 -73.22
84.02 -70.82 -59.56
80.12 -50.71 -22.06
56.71 -22.96 -20.26
55.51 -6.9 -27.91
56.71 -0.75 -34.51
60.77 3.3 -38.41
60.62 3.75 -39.01
60.47 -1.65 -29.56
55.36 -20.26 -19.8
44.56 -36.61 -26.11
40.96 -51.46 -39.16
38.56 -54.61 -51.01
37.66 -55.06 -62.12
41.86 -55.81 -69.62
46.66 -60.17 -67.52
45.91 -62.72 -53.86
44.86 -53.86 -37.66
55.81 -42.31 -19.95
74.42 -27.61 -16.05
87.77 -8.55 -27.31
90.77 1.5 -44.26
96.17 -3.6 -42.76
89.57 -21.31 -22.66
70.82 -45.61 -17.85
59.26 -58.36 -29.71
50.86 -60.92 -38.86
42.31 -54.46 -40.96
40.96 -44.41 -30.91
48.61 -35.71 -22.66
57.76 -24.76 -18.9
72.92 -10.65 -20.86
87.92 -6.6 -28.96
96.62 -5.7 -39.01
98.87 -6.9 -44.56
102.63 -6.45 -50.56
100.98 -10.2 -42.61
99.62 -25.96 -30.61
92.72 -53.41 -35.56
82.82 -66.77 -53.26
75.32 -61.22 -76.67
76.97 -54.91 -84.77
80.57 -47.11 -90.32
82.07 -57.91 -81.62
81.62 -67.67 -50.11
67.67 -42.46 -19.2
72.47 -13.95 -21.46
87.02 -1.8 -33.91
97.37 -6.75 -41.71
102.18 -10.65 -49.81
100.53 -7.5 -51.61
97.67 -9.9 -35.26
88.97 -28.51 -20.71
83.12 -50.86 -23.56
83.87 -64.22 -41.41
82.37 -65.12 -62.27
80.57 -66.92 -62.72
75.47 -69.17 -47.86
66.32 -53.41 -23.26
69.92 -19.95 -19.05
82.97 -0.9 -32.71
93.02 1.05 -50.86
97.97 -4.35 -62.57
103.38 -7.8 -64.22
105.48 -14.25 -57.76
104.58 -23.26 -38.41
85.07 -35.86 -21.01
67.37 -51.16 -22.21
55.21 -61.22 -41.86
44.71 -56.56 -66.62
41.56 -44.86 -77.12
45.31 -39.46 -85.22
49.36 -45.16 -84.02
50.26 -61.67 -66.47
58.81 -59.41 -33.91
72.92 -38.86 -16.8
86.12 -12.3 -27.16
93.77 -20.26 -25.36
98.72 -24.76 -29.41
94.07 -26.56 -25.66
83.12 -46.36 -22.66
70.52 -67.52 -44.71
56.41 -57.91 -77.12
60.92 -32.11 -94.22
79.37 -10.95 -88.82
95.42 -2.7 -71.87
101.58 -6.75 -66.92
101.58 -7.8 -66.92
98.12 -11.85 -78.32
90.77 -31.66 -90.62
87.47 -58.96 -75.77
88.82 -65.42 -51.61
94.52 -59.71 -42.31
100.08 -54.01 -45.16
101.58 -54.01 -55.06
99.62 -54.61 -44.56
86.87 -45.46 -25.21
81.62 -50.71 -23.41
84.77 -45.76 -22.81
91.37 -37.06 -22.96
95.87 -25.06 -27.01
96.47 -18.6 -27.61
95.72 -12.9 -31.51
96.62 -8.85 -35.56
100.38 -13.65 -36.01
102.03 -24.61 -31.36
94.82 -35.41 -27.01
93.62 -46.51 -27.91
88.97 -50.41 -28.51
88.97 -52.06 -29.86
88.52 -53.71 -30.76
88.37 -48.61 -27.61
86.12 -42.91 -23.41
85.97 -51.61 -26.71
96.77 -46.51 -31.66
103.98 -42.76 -66.62
84.77 -9.45 -87.92
79.07 3.6 -76.37
84.47 1.2 -72.17
80.57 5.7 -67.07
78.47 8.25 -58.51
84.62 7.65 -50.56
89.42 -2.4 -37.81
81.02 -12.45 -24.61
66.32 -19.05 -20.56
60.47 -16.5 -22.06
65.72 -14.4 -21.01
78.77 -17.55 -21.01
85.97 -25.81 -19.5
85.67 -27.91 -21.16
82.82 -26.56 -19.8
83.12 -28.36 -20.56
86.57 -33.76 -21.76
88.97 -45.01 -25.51
89.72 -56.71 -34.36
91.82 -62.42 -46.96
91.52 -63.02 -57.16
90.62 -60.77 -64.82
90.62 -51.91 -79.22
85.67 -32.11 -93.17
86.72 -22.36 -92.12
87.32 -17.55 -90.92
88.37 -15.75 -90.32
90.92 -12.0 -87.02
87.62 -6.3 -81.47
87.32 0.15 -78.02
87.92 0.75 -75.02
88.67 1.5 -71.87
88.97 0.75 -73.52
88.37 4.35 -65.72
92.57 1.2 -54.76
101.58 -5.7 -47.56
103.38 -11.7 -49.51
108.18 -14.55 -55.06
109.08 -16.8 -60.92
110.13 -23.56 -56.11
108.48 -35.11 -47.71
105.78 -39.91 -39.31
103.38 -43.06 -36.91
98.42 -48.01 -39.61
99.17 -51.76 -38.41
100.83 -47.71 -39.01
102.78 -46.51 -39.76
99.77 -53.71 -42.31
99.17 -58.81 -50.11
96.62 -58.96 -57.76
94.67 -56.71 -66.02
96.92 -59.71 -61.52
95.87 -52.66 -38.56
97.37 -31.06 -28.36
99.77 -17.4 -33.16
101.58 -13.5 -39.01
104.43 -18.75 -47.11
109.53 -33.01 -51.01
108.78 -36.91 -59.86
105.03 -33.91 -74.12
94.37 -36.31 -84.47
91.97 -45.16 -84.62
88.52 -51.61 -80.57
86.87 -57.46 -78.02
84.02 -64.52 -70.82
84.47 -67.22 -61.37
85.82 -61.67 -37.06
87.02 -49.51 -28.06
91.67 -44.86 -25.36
97.07 -41.56 -27.91
97.37 -34.96 -27.31
82.52 -35.71 -18.9
63.47 -36.01 -18.15
48.91 -37.51 -24.61
41.26 -43.51 -35.86
37.81 -47.11 -51.46
34.51 -44.86 -64.52
40.96 -40.51 -77.27
46.96 -35.56 -85.22
51.76 -36.46 -90.47
48.31 -37.81 -130.98
49.81 -40.06 -88.22
50.71 -42.46 -86.72
49.96 -42.01 -87.02
51.01 -43.81 -86.42
49.66 -42.46 -87.02
50.26 -42.61 -86.87
51.61 -39.01 -88.52
49.81 -38.41 -88.97
51.01 -37.06 -88.82
51.46 -38.56 -89.12
53.41 -34.06 -89.27
55.96 -34.36 -91.52
57.01 -31.81 -91.82
57.01 -30.01 -92.57
61.82 -28.51 -94.37
67.52 -29.86 -95.12
71.27 -36.01 -95.27
90.77 -47.11 -83.42
104.88 -50.41 -56.86
98.57 -45.76 -35.71
85.07 -37.36 -21.76
69.32 -30.91 -16.65
54.91 -25.81 -21.16
45.61 -24.91 -25.81
41.26 -27.91 -30.76
39.91 -29.86 -33.31
37.66 -33.31 -35.26
36.61 -32.56 -35.86
41.56 -31.51 -30.76
43.81 -28.06 -28.21
43.51 -31.96 -26.56
41.71 -34.06 -29.26
38.86 -33.46 -32.71
37.66 -33.91 -33.91
35.86 -33.91 -36.91
36.91 -33.61 -36.16
36.31 -34.36 -32.86
38.26 -31.66 -30.91
40.36 -29.86 -30.91
45.16 -26.56 -26.71
47.26 -25.51 -24.91
43.51 -27.01 -26.56
42.16 -28.06 -29.26
41.56 -32.11 -28.36
36.76 -37.36 -33.61
37.36 -44.86 -39.61
38.26 -53.11 -48.31
44.56 -58.51 -60.92
47.86 -58.36 -70.37
52.36 -53.86 -76.97
58.81 -46.66 -88.07
63.32 -37.96 -93.77
67.97 -28.36 -92.87
60.47 -30.61 -92.72
54.91 -50.86 -84.62
50.26 -60.62 -68.12
47.71 -64.07 -54.16
47.86 -60.02 -37.66
44.86 -45.01 -29.26
43.66 -38.86 -25.96
40.66 -26.71 -27.16
40.36 -15.75 -33.31
40.96 -13.65 -35.11
40.66 -10.8 -34.36
42.31 -7.2 -39.91
42.16 -3.75 -44.26
41.86 -3.6 -56.71
42.46 -3.45 -62.27
41.86 -6.75 -66.92
44.26 -9.75 -74.57
45.91 -7.95 -75.02
44.41 -5.7 -72.02
49.21 -11.85 -78.77
49.36 -17.7 -85.97
52.36 -21.01 -88.52
53.71 -34.51 -90.62
53.41 -43.96 -88.22
55.51 -50.41 -85.22
57.61 -57.76 -81.02
59.86 -63.17 -72.32
61.52 -66.62 -62.72
58.21 -68.87 -60.77
60.62 -67.82 -59.71
57.76 -67.07 -56.41
56.26 -67.67 -44.86
51.31 -58.81 -34.36
46.66 -49.36 -28.21
44.26 -42.61 -27.16
42.46 -36.61 -27.16
40.66 -27.01 -29.26
37.66 -22.96 -33.91
35.71 -18.9 -38.11
35.26 -19.05 -39.91
40.66 -25.96 -29.26
50.56 -49.66 -25.81
54.76 -58.51 -31.66
54.46 -65.57 -41.86
56.26 -65.87 -58.96
53.86 -60.02 -75.47
52.36 -52.51 -81.77
47.41 -45.76 -85.52
43.96 -37.06 -83.57
38.71 -28.36 -81.32
37.81 -18.9 -73.97
40.21 -10.65 -72.32
42.31 -5.7 -67.22
44.26 -3.45 -63.62
47.56 0.0 -63.17
47.86 0.3 -65.27
44.71 -2.85 -64.52
39.46 -9.3 -61.82
31.96 -19.8 -59.71
30.91 -26.26 -52.66
33.61 -30.61 -39.16
39.76 -31.51 -28.36
46.36 -28.51 -24.16
52.21 -27.91 -20.56
57.01 -26.26 -19.8
65.72 -17.85 -18.0
79.67 -17.4 -18.45
96.47 -19.95 -27.16
108.63 -28.36 -42.31
107.73 -34.51 -58.36
103.68 -38.56 -75.17
91.97 -41.41 -84.32
73.97 -42.01 -92.87
64.82 -48.46 -91.82
63.77 -54.46 -85.67
70.97 -62.42 -78.02
75.47 -68.87 -66.62
76.67 -65.87 -69.47
79.37 -64.67 -71.42
83.57 -64.22 -70.07
81.32 -62.72 -72.17
81.47 -62.12 -74.42
87.62 -61.97 -67.52
97.07 -61.22 -54.16
102.18 -47.71 -42.01
103.98 -42.76 -38.56
105.18 -40.06 -37.81
104.88 -39.76 -38.41
104.13 -40.81 -37.36
104.43 -38.56 -38.26
101.73 -28.51 -30.31
81.92 -8.7 -23.11
58.36 -4.8 -28.21
40.36 -13.35 -35.41
33.61 -27.46 -42.91
37.66 -46.36 -41.41
49.81 -62.72 -42.16
71.57 -68.57 -51.31
84.47 -60.17 -76.67
69.77 -40.36 -91.52
55.96 -33.91 -90.02
50.71 -43.81 -83.27
52.81 -51.61 -77.87
63.62 -57.76 -78.77
82.82 -56.86 -75.47
106.98 -40.81 -61.37
104.73 -15.6 -44.41
83.12 -43.06 -35.41
58.66 -1.35 -31.36
47.86 -16.65 -26.71
36.31 -27.91 -36.91
37.21 -45.01 -42.91
47.86 -62.12 -47.11
63.02 -69.17 -60.77
72.47 -56.41 -83.87
69.62 -38.71 -91.97
63.62 -29.86 -92.72
58.66 -33.46 -89.57
58.21 -42.01 -87.02
61.52 -51.01 -81.77
67.52 -56.71 -82.52
83.12 -56.11 -78.47
103.98 -41.71 -70.07
106.83 -15.9 -49.21
81.32 5.4 -38.11
59.71 -0.9 -30.91
44.71 -13.5 -29.71
36.91 -28.96 -37.21
37.81 -46.51 -40.51
49.51 -64.52 -48.61
67.97 -69.92 -62.57
81.32 -61.67 -73.52
81.47 -48.01 -85.97
67.37 -34.96 -90.47
54.91 -42.01 -84.32
54.76 -62.72 -65.72
56.26 -69.02 -41.86
68.87 -67.22 -31.66
83.87 -63.17 -29.11
96.92 -46.96 -27.31
92.57 -24.91 -19.65
71.27 -15.6 -15.15
54.31 -29.41 -17.1
45.46 -55.06 -34.51
48.01 -63.47 -52.81
58.66 -67.67 -64.07
68.27 -62.42 -73.52
73.82 -51.46 -87.62
72.77 -43.36 -91.97
64.52 -42.76 -88.07
55.51 -48.61 -82.82
53.56 -63.17 -65.27
64.67 -69.77 -51.46
82.52 -68.87 -44.41
99.17 -53.56 -33.61
98.87 -34.81 -23.41
83.42 -25.66 -14.85
60.32 -26.56 -12.0
42.91 -36.76 -25.36
46.21 -55.06 -33.46
59.56 -67.52 -40.66
74.72 -71.42 -54.61
80.57 -63.02 -73.52
79.97 -49.06 -83.57
67.97 -40.36 -89.12
55.21 -36.31 -84.47
48.76 -44.71 -78.77
52.66 -54.16 -71.57
57.76 -63.17 -66.92
78.77 -65.57 -64.37
102.63 -53.71 -52.66
106.98 -31.66 -37.06
93.17 -15.0 -23.86
61.67 -7.5 -22.21
47.26 -18.0 -22.21
34.66 -31.36 -36.46
41.56 -50.86 -34.21
51.76 -62.87 -37.21
68.27 -70.07 -54.46
74.87 -64.52 -71.27
69.77 -48.76 -85.37
61.97 -42.01 -86.42
55.66 -42.76 -83.57
55.66 -53.41 -76.82
61.97 -58.66 -73.82
72.62 -61.52 -73.07
89.57 -56.86 -72.02
102.63 -43.51 -68.57
109.08 -24.61 -57.91
99.62 -7.35 -44.26
77.42 5.1 -38.11
63.77 -0.45 -30.16
49.96 -10.95 -29.71
48.61 -30.46 -23.56
56.41 -51.91 -21.91
70.52 -69.92 -41.41
78.02 -69.02 -59.86
81.92 -59.86 -72.62
73.97 -55.06 -82.22
66.02 -50.71 -83.12
56.86 -51.01 -79.37
57.76 -58.66 -73.82
63.92 -61.67 -70.22
75.32 -62.42 -68.42
93.47 -57.91 -64.82
108.18 -41.41 -55.36
105.78 -17.4 -86.42
90.77 -4.2 -31.66
69.77 -3.6 -24.61
55.81 -11.85 -21.46
49.81 -30.61 -18.3
57.31 -50.41 -19.05
73.82 -66.17 -33.31
87.32 -65.87 -52.36
92.57 -58.81 -72.17
73.07 -43.96 -90.32
50.41 -31.51 -85.37
36.91 -38.86 -66.92
39.61 -55.36 -57.61
55.21 -67.97 -52.96
77.12 -70.97 -48.46
99.77 -59.71 -40.96
105.18 -41.11 -35.11
100.08 -29.71 -22.21
82.82 -24.01 -15.15
60.47 -25.96 -14.55
51.61 -43.96 -20.41
54.91 -60.47 -33.16
68.57 -69.02 -55.51
82.52 -64.67 -66.92
88.67 -57.76 -74.57
84.92 -48.01 -84.02
73.82 -40.51 -91.37
54.01 -34.06 -88.52
37.36 -38.56 -70.97
32.56 -44.41 -54.46
41.26 -56.56 -42.01
52.51 -66.47 -40.96
71.42 -70.82 -39.16
92.12 -60.17 -34.36
102.48 -40.06 -28.51
97.67 -25.51 -23.56
84.32 -19.5 -16.05
67.67 -32.11 -12.3
57.61 -50.41 -19.95
61.97 -66.47 -39.91
73.82 -69.47 -53.41
85.67 -64.22 -63.47
92.87 -52.06 -72.92
92.42 -33.31 -86.72
74.72 -13.2 -87.32
59.41 -11.55 -82.07
46.36 -21.46 -76.37
39.61 -35.56 -71.57
42.16 -53.11 -67.52
54.31 -67.07 -56.41
72.62 -71.72 -44.71
87.32 -67.22 -35.71
93.92 -57.46 -30.91
92.87 -46.81 -24.16
85.52 -37.36 -16.2
82.52 -44.86 -18.45
87.32 -53.11 -27.61
96.62 -57.91 -45.16
106.23 -46.81 -61.97
105.48 -34.66 -72.77
99.62 -23.56 -79.37
84.32 -16.65 -88.07
62.87 -15.75 -86.87
46.66 -27.76 -79.07
41.41 -38.41 -73.97
40.81 -54.46 -65.27
49.66 -66.47 -54.31
63.92 -70.07 -51.46
77.72 -70.82 -48.01
95.57 -60.77 -40.66
102.78 -46.06 -30.61
95.72 -30.91 -19.95
85.52 -29.26 -14.55
70.97 -37.36 -14.4
62.57 -50.41 -20.41
66.47 -65.87 -35.71
78.62 -69.17 -58.81
87.62 -59.56 -74.27
88.67 -48.91 -80.72
82.67 -35.86 -91.37
70.52 -26.26 -91.52
57.31 -25.96 -87.62
42.76 -32.71 -76.37
38.56 -48.16 -69.47
49.51 -63.47 -57.91
59.86 -68.87 -51.61
70.67 -70.52 -55.36
85.37 -66.02 -59.11
102.63 -57.16 -51.61
108.03 -38.71 -38.11
99.47 -20.56 -25.36
72.62 -8.25 -20.86
60.62 -20.56 -16.5
52.51 -43.06 -21.61
56.71 -64.97 -40.36
70.82 -68.87 -58.06
82.52 -61.07 -74.12
85.82 -50.71 -84.77
78.77 -38.41 -92.72
65.87 -30.76 -92.87
46.21 -29.71 -81.92
36.76 -45.46 -69.77
37.96 -56.86 -56.41
51.31 -66.92 -51.76
64.82 -69.62 -53.26
80.42 -69.62 -52.66
97.67 -59.71 -43.66
104.58 -44.71 -34.36
100.53 -30.76 -22.96
80.87 -27.76 -15.3
64.07 -38.86 -17.1
58.81 -60.02 -29.11
67.82 -69.47 -48.01
81.77 -67.07 -63.47
87.32 -60.62 -73.22
89.12 -51.61 -79.82
78.77 -36.91 -89.57
62.87 -30.31 -90.02
50.41 -34.66 -84.62
38.41 -46.96 -70.07
39.76 -56.86 -54.61
47.56 -67.52 -48.16
66.92 -71.72 -46.06
85.52 -68.72 -41.56
95.42 -56.41 -34.36
89.12 -44.11 -20.56
72.02 -46.06 -16.95
69.32 -59.11 -27.16
78.77 -67.97 -41.56
87.77 -66.02 -58.36
92.57 -52.51 -78.77
87.47 -32.86 -91.52
73.37 -18.45 -90.47
54.46 -19.65 -86.27
36.46 -25.36 -71.27
31.51 -42.91 -54.46
38.26 -54.16 -46.36
47.56 -61.52 -51.61
56.56 -65.12 -56.86
74.27 -69.47 -59.26
94.37 -62.42 -53.11
105.63 -46.51 -37.06
95.72 -30.31 -22.06
78.92 -26.86 -16.5
60.77 -27.46 -15.6
50.26 -43.66 -19.95
51.46 -58.66 -34.21
58.66 -67.97 -50.41
72.32 -68.12 -66.62
85.07 -56.71 -79.67
89.87 -46.96 -86.42
82.37 -39.01 -89.57
69.02 -36.76 -91.52
60.92 -46.66 -85.97
53.86 -56.56 -76.07
58.21 -64.67 -68.27
69.92 -65.12 -67.82
73.67 -64.67 -70.07
84.92 -66.02 -64.52
97.07 -56.41 -63.62
108.48 -40.81 -53.41
101.43 -8.7 -40.21
76.37 2.25 -32.71
65.72 -10.5 -20.41
51.31 -30.91 -18.6
52.96 -54.61 -27.91
62.87 -67.67 -40.21
78.62 -68.12 -48.16
91.67 -63.62 -58.36
94.37 -49.36 -77.27
80.72 -34.96 -91.22
61.97 -23.41 -87.32
44.41 -23.71 -79.22
36.31 -39.61 -67.22
41.71 -60.92 -58.96
59.26 -67.82 -52.96
73.52 -69.47 -56.56
87.62 -65.87 -59.26
101.43 -55.96 -54.46
108.48 -44.41 -42.16
99.77 -28.66 -26.41
82.67 -26.71 -16.2
62.87 -34.51 -16.65
50.71 -45.61 -20.86
56.26 -62.42 -37.36
69.77 -68.12 -55.66
80.12 -60.62 -75.02
81.77 -46.66 -85.67
81.02 -30.46 -93.17
69.47 -21.31 -91.22
58.51 -19.8 -85.97
47.56 -30.01 -82.67
42.76 -43.36 -76.97
51.61 -58.06 -70.82
62.87 -66.17 -64.67
72.62 -67.07 -64.22
81.77 -62.12 -67.22
92.42 -56.86 -67.97
106.83 -44.56 -54.31
105.18 -22.06 -39.76
87.77 -10.35 -26.41
65.27 -4.95 -26.41
51.46 -19.8 -24.01
46.96 -41.56 -26.56
49.81 -57.01 -34.36
57.76 -66.77 -44.71
71.57 -70.67 -53.26
83.87 -63.17 -70.67
85.52 -48.91 -83.12
78.62 -34.96 -90.47
67.67 -28.36 -87.02
61.07 -38.71 -81.47
62.57 -54.91 -74.57
65.72 -62.42 -66.02
69.92 -63.47 -71.27
73.37 -59.71 -73.82
86.42 -57.61 -73.82
105.48 -47.41 -61.82
109.23 -25.51 -49.51
100.98 -11.55 -36.76
81.02 0.0 -32.41
61.82 -4.2 -28.21
52.96 -16.5 -24.46
52.81 -36.46 -20.56
59.86 -58.36 -27.76
69.92 -69.77 -46.96
81.92 -65.12 -64.07
87.32 -56.71 -75.62
88.97 -47.56 -80.12
86.57 -42.61 -85.22
76.52 -43.06 -86.42
69.32 -49.36 -81.47
70.37 -57.01 -76.67
72.77 -57.76 -75.92
77.72 -55.66 -78.77
89.42 -52.51 -75.62
101.73 -44.41 -71.57
108.48 -29.86 -60.62
106.08 -14.55 -47.11
93.92 -3.45 -34.66
71.72 0.15 -30.91
53.86 -10.65 -27.01
46.66 -22.81 -27.61
47.56 -43.81 -25.36
53.56 -58.36 -30.16
68.87 -68.42 -41.56
81.47 -67.82 -53.56
91.82 -59.86 -68.87
92.57 -51.01 -76.97
84.32 -42.01 -85.97
73.67 -38.11 -89.12
60.92 -41.71 -84.32
62.42 -49.51 -80.57
61.37 -50.56 -80.87
66.32 -50.86 -79.82
74.42 -52.36 -81.32
88.82 -50.11 -78.17
104.43 -41.71 -67.97
109.98 -26.56 -56.41
105.03 -13.5 -42.31
88.52 -8.25 -28.36
63.32 -12.3 -21.76
47.41 -27.01 -24.16
43.21 -44.71 -30.31
49.51 -60.17 -39.76
64.97 -70.07 -55.51
81.77 -65.42 -71.42
87.77 -51.61 -82.22
82.97 -41.11 -88.52
73.52 -35.86 -88.52
65.42 -37.96 -85.52
64.82 -47.71 -81.62
67.67 -55.81 -77.12
77.42 -54.91 -77.27
90.77 -47.86 -76.97
99.92 -38.71 -73.97
103.53 -24.61 -68.87
101.43 -10.5 -61.97
89.87 3.75 -49.21
69.47 6.6 -40.36
53.71 -3.75 -31.96
42.16 -22.51 -27.61
40.81 -45.16 -33.16
47.41 -61.22 -43.51
62.87 -69.02 -52.36
76.07 -67.52 -66.92
83.72 -59.11 -78.32
80.42 -47.41 -87.02
72.47 -38.41 -91.37
59.26 -40.36 -85.37
49.96 -51.16 -75.17
49.21 -61.67 -63.32
54.76 -64.52 -59.86
61.67 -64.67 -65.87
69.32 -63.47 -70.82
83.72 -59.86 -72.92
102.48 -51.01 -65.42
109.68 -30.76 -58.36
107.13 -14.85 -46.81
90.92 -3.3 -35.26
69.92 -3.0 -27.61
52.66 -15.0 -22.06
43.81 -28.51 -27.91
44.71 -44.56 -28.66
53.86 -63.17 -34.21
68.42 -69.62 -46.81
80.87 -68.42 -59.56
86.72 -61.52 -71.72
85.67 -53.41 -80.87
80.57 -49.36 -83.42
73.07 -47.56 -84.47
64.37 -51.01 -82.82
63.02 -55.81 -76.82
66.32 -57.91 -75.47
67.97 -56.56 -77.87
71.57 -54.76 -78.47
83.12 -54.76 -76.52
99.62 -46.51 -71.57
109.53 -30.31 -61.67
106.98 -14.7 -46.66
88.07 0.3 -34.51
70.67 -4.8 -27.61
58.81 -14.55 -24.31
49.51 -29.56 -23.41
48.46 -45.46 -24.16
52.51 -57.16 -29.71
61.97 -66.02 -41.71
72.62 -68.57 -52.66
81.77 -67.52 -62.87
84.32 -60.02 -73.37
81.02 -53.41 -80.27
78.47 -50.71 -83.12
69.32 -47.56 -84.17
64.07 -52.96 -80.12
64.52 -60.02 -74.72
69.92 -61.97 -73.97
75.47 -60.77 -75.47
78.02 -56.71 -77.72
80.12 -57.01 -79.07
90.02 -54.16 -75.62
104.58 -44.71 -70.22
109.83 -27.01 -61.97
108.03 -17.25 -49.36
97.67 -10.65 -33.91
80.12 -6.3 -25.21
64.82 -11.7 -22.21
55.81 -24.31 -20.41
53.41 -41.86 -21.01
52.96 -49.36 -24.16
59.26 -59.71 -28.66
71.42 -67.67 -39.46
80.42 -67.82 -55.06
82.37 -63.47 -70.52
78.62 -55.51 -81.32
70.07 -49.51 -85.67
66.47 -49.66 -82.82
60.62 -51.91 -79.22
60.92 -60.02 -74.42
63.77 -64.22 -70.07
68.87 -62.42 -72.92
82.67 -59.11 -73.97
101.13 -49.81 -65.27
108.93 -31.51 -57.01
106.08 -14.55 -48.91
94.52 -5.4 -35.56
71.72 -1.95 -28.21
51.76 -7.5 -29.41
43.36 -20.56 -30.16
42.16 -38.41 -28.96
48.61 -51.91 -29.11
60.77 -64.52 -37.36
74.87 -69.47 -47.71
84.77 -67.67 -61.37
85.97 -58.36 -78.17
71.27 -46.96 -88.82
58.36 -46.06 -83.87
48.76 -51.46 -73.52
50.86 -61.22 -67.52
56.71 -65.72 -61.82
63.77 -66.02 -60.62
68.57 -67.22 -61.97
75.92 -68.42 -60.32
91.82 -64.07 -53.11
103.08 -49.66 -40.51
99.17 -30.61 -30.61
83.42 -19.35 -22.36
61.37 -11.7 -23.56
47.71 -19.65 -27.91
42.76 -28.51 -29.56
43.51 -43.66 -30.61
50.41 -58.36 -37.66
58.81 -67.82 -45.16
67.37 -68.57 -58.06
72.62 -64.67 -74.72
72.02 -55.66 -85.22
67.52 -46.51 -88.22
57.01 -38.11 -87.02
49.36 -35.71 -82.97
43.66 -39.91 -77.87
42.46 -43.96 -74.27
44.56 -50.41 -71.57
49.21 -54.16 -72.92
59.86 -57.16 -75.47
81.32 -62.42 -71.27
100.68 -55.36 -58.96
107.88 -40.96 -46.06
104.88 -25.66 -35.71
86.57 -11.25 -24.76
59.71 -4.8 -28.21
44.71 -15.3 -32.41
39.46 -31.51 -33.46
43.21 -48.61 -36.01
49.66 -60.47 -44.11
60.62 -66.47 -55.96
67.52 -66.92 -70.52
76.82 -58.96 -82.22
79.07 -51.46 -43.96
78.32 -44.11 -89.42
74.87 -37.36 -92.27
69.47 -36.76 -91.22
61.67 -40.36 -88.37
51.91 -48.16 -82.52
53.26 -63.62 -63.47
59.41 -65.57 -63.02
61.52 -63.47 -70.52
69.62 -63.47 -73.22
81.62 -61.22 -73.52
99.77 -55.51 -63.17
108.18 -37.51 -54.01
107.43 -23.86 -42.16
100.98 -21.01 -30.31
80.87 -23.86 -19.95
54.46 -27.01 -22.06
41.86 -41.41 -30.76
42.61 -53.71 -39.91
52.81 -64.22 -49.51
64.82 -69.92 -57.01
74.87 -67.97 -65.42
81.47 -61.82 -75.47
81.32 -53.56 -84.77
76.97 -47.86 -88.97
66.02 -43.66 -87.92
51.76 -48.76 -79.52
54.01 -65.87 -58.96
62.87 -68.42 -55.81
66.77 -66.92 -62.27
69.92 -65.12 -70.82
78.32 -62.57 -69.62
96.47 -55.36 -63.62
109.68 -31.06 -51.91
103.38 -12.0 -43.66
83.72 -0.6 -33.31
67.97 -3.3 -27.76
58.81 -19.5 -21.91
57.91 -40.51 -19.05
57.76 -54.76 -28.66
62.42 -66.77 -37.96
68.72 -70.22 -55.36
76.37 -65.57 -69.17
77.42 -53.86 -80.72
75.32 -42.61 -87.17
67.67 -36.76 -89.42
57.31 -45.76 -79.37
58.21 -57.91 -74.42
61.52 -57.76 -72.17
65.42 -56.41 -77.72
70.07 -56.56 -77.87
88.97 -55.96 -71.87
106.08 -45.91 -61.82
109.08 -30.31 -52.81
103.83 -14.4 -41.11
82.82 -1.8 -31.06
59.71 -8.7 -27.61
43.96 -18.0 -29.71
43.66 -36.01 -28.66
46.81 -49.81 -30.46
54.31 -62.12 -35.26
67.52 -69.02 -42.61
78.47 -68.42 -52.81
83.12 -63.92 -66.32
80.72 -58.36 -78.47
69.62 -49.36 -84.77
57.61 -51.76 -80.12
56.86 -60.17 -70.22
56.56 -62.72 -69.77
59.56 -61.82 -71.42
64.07 -58.96 -78.47
74.87 -59.56 -75.62
90.47 -55.66 -71.57
105.48 -44.56 -63.47
108.18 -26.86 -54.61
100.83 -10.35 -39.01
75.32 2.55 -35.71
53.41 -5.55 -32.26
39.91 -22.06 -34.06
41.86 -41.71 -34.21
49.36 -57.91 -39.01
63.02 -68.57 -45.46
73.97 -69.62 -56.71
77.57 -66.77 -66.62
74.87 -60.92 -75.92
65.87 -57.91 -76.82
58.66 -61.22 -69.47
61.82 -67.22 -58.51
64.82 -66.77 -62.57
69.47 -66.77 -68.57
72.92 -62.57 -72.02
82.82 -61.52 -70.37
102.63 -52.66 -62.87
109.98 -30.76 -52.66
103.68 -13.2 -39.91
83.12 -7.8 -27.76
55.81 -15.75 -24.16
40.36 -34.81 -31.36
44.56 -54.91 -37.06
57.46 -67.82 -44.71
73.97 -68.57 -55.96
82.97 -58.51 -74.57
81.47 -50.56 -84.32
73.52 -45.46 -88.22
62.27 -42.31 -88.22
46.81 -47.41 -79.22
52.51 -61.07 -65.57
58.51 -63.17 -68.27
61.52 -62.42 -67.52
64.82 -64.67 -69.62
78.92 -65.42 -68.27
100.08 -57.61 -52.66
106.53 -39.91 -42.76
100.08 -22.66 -33.16
76.52 -10.35 -24.31
48.91 -12.0 -29.41
40.21 -30.01 -35.26
38.41 -48.46 -40.96
45.31 -60.17 -48.31
52.96 -66.17 -50.71
61.52 -67.67 -60.32
68.72 -64.22 -73.82
70.67 -51.76 -88.97
63.92 -38.41 -93.32
54.76 -34.81 -88.97
43.21 -43.36 -79.67
45.46 -57.16 -63.92
51.01 -63.62 -56.71
61.67 -70.22 -52.21
76.82 -68.87 -44.11
90.92 -60.02 -34.51
92.12 -41.86 -23.41
79.52 -24.91 -17.25
54.46 -20.71 -23.86
39.31 -35.86 -34.66
40.21 -52.36 -48.16
50.71 -63.92 -60.77
61.37 -67.07 -69.32
70.52 -61.52 -78.92
73.52 -57.46 -83.12
69.32 -52.81 -87.17
63.92 -48.16 -87.92
56.41 -49.51 -84.32
53.71 -58.81 -71.57
57.46 -64.22 -64.52
62.57 -67.67 -62.27
72.02 -70.52 -55.51
88.97 -66.62 -49.36
105.78 -46.66 -43.06
102.63 -16.95 -36.16
85.67 0.6 -35.56
65.57 1.35 -32.41
63.32 -24.61 -18.0
73.82 -52.81 -23.41
67.07 -71.87 -51.01
60.32 -51.61 -80.57
58.21 -28.96 -90.77
58.66 -6.9 -84.17
57.91 5.1 -66.02
56.56 6.45 -58.51
62.27 7.8 -54.46
66.02 7.5 -46.96
70.37 6.75 -40.81
75.77 2.1 -35.86
73.67 -5.4 -27.01
71.57 -14.85 -20.86
70.67 -27.46 -18.0
71.87 -43.06 -19.8
72.02 -57.46 -27.16
70.82 -62.57 -37.66
68.57 -60.17 -34.36
70.52 -60.02 -31.51
69.32 -48.16 -20.41
74.57 -36.91 -18.6
79.67 -37.51 -19.5
84.92 -42.46 -22.21
86.57 -41.86 -23.11
89.42 -36.91 -23.86
93.47 -38.86 -25.36
86.57 -28.81 -21.76
89.42 -30.61 -22.36
90.32 -31.81 -22.21
102.03 -41.11 -33.31
108.78 -33.01 -65.12
105.18 -18.3 -70.22
105.48 -19.8 -70.97
111.48 -30.01 -55.96
95.42 -30.31 -26.86
70.97 -25.36 -19.65
52.66 -18.6 -25.21
38.86 -18.9 -40.21
34.36 -18.3 -56.56
36.76 -22.06 -74.57
44.86 -25.66 -86.27
52.36 -23.86 -91.67
70.67 -21.01 -96.02
82.07 -31.81 -95.87
90.32 -42.76 -87.02
95.42 -50.71 -79.37
102.93 -50.56 -72.02
106.98 -43.66 -63.02
108.18 -32.86 -48.46
103.98 -21.31 -36.16
96.92 -16.95 -31.06
86.57 -13.65 -24.46
73.52 -6.9 -25.81
59.26 -4.95 -29.41
47.86 -4.95 -39.61
40.21 -6.0 -46.81
42.16 -7.95 -44.56
49.51 -13.35 -28.96
65.87 -26.56 -17.1
79.82 -41.86 -19.65
82.67 -55.66 -31.66
81.32 -66.17 -54.46
81.77 -64.97 -64.82
79.52 -59.86 -78.77
72.92 -52.96 -86.72
72.77 -44.71 -93.02
71.87 -38.56 -94.97
72.92 -32.56 -96.32
72.02 -19.35 -94.07
74.27 -7.35 -90.32
82.67 4.65 -75.32
85.67 7.35 -59.11
89.12 7.35 -49.51
88.97 0.75 -37.81
88.37 -3.75 -32.26
80.57 -5.85 -27.61
76.97 -10.2 -23.11
76.82 -15.3 -21.16
80.42 -27.31 -18.45
78.77 -35.11 -19.05
75.47 -40.66 -20.86
67.67 -45.16 -22.66
58.21 -45.61 -23.56
51.91 -45.46 -27.61
43.21 -50.41 -38.41
38.41 -50.11 -49.81
36.76 -48.16 -56.56
36.31 -45.16 -60.77
38.26 -45.46 -65.12
37.51 -44.71 -70.22
39.76 -42.46 -78.47
48.31 -33.91 -88.37
60.62 -24.76 -96.32
75.47 -20.56 -96.62
81.02 -14.85 -92.87
86.87 -9.0 -88.22
89.72 -5.25 -86.57
92.12 -1.95 -79.67
92.87 2.55 -72.62
94.52 1.05 -64.22
95.72 0.45 -55.51
92.72 -3.6 -38.56
84.62 -18.75 -22.96
73.37 -26.86 -17.1
62.72 -36.01 -19.2
51.76 -43.06 -25.66
46.66 -48.91 -33.31
40.81 -50.11 -45.46
42.16 -52.51 -48.61
45.76 -54.01 -39.31
60.62 -48.76 -24.31
80.87 -31.96 -18.3
97.07 -19.95 -27.61
103.08 -15.45 -40.51
107.43 -11.25 -57.91
103.98 -14.55 -70.97
99.92 -17.85 -81.47
93.92 -25.36 -86.87
86.72 -38.11 -90.47
79.52 -54.91 -84.47
75.32 -61.97 -79.37
75.02 -68.57 -63.47
76.67 -67.67 -52.81
79.67 -67.52 -50.56
79.07 -66.17 -49.66
81.77 -65.72 -44.71
82.07 -62.57 -37.21
84.47 -57.46 -31.96
87.02 -54.46 -28.36
85.97 -49.51 -25.36
85.97 -38.86 -21.91
82.82 -28.96 -20.26
81.77 -19.8 -20.86
78.32 -12.0 -23.26
74.72 1.05 -32.41
72.62 1.65 -33.46
69.92 1.5 -33.01
63.32 3.3 -39.16
61.37 6.3 -48.91
58.51 7.05 -63.17
64.52 2.1 -74.72
68.72 -2.85 -84.62
77.87 -13.5 -90.17
88.07 -30.46 -91.52
91.82 -35.86 -88.22
95.12 -40.96 -83.57
95.12 -48.46 -78.17
97.82 -52.06 -71.27
99.92 -53.11 -68.12
99.92 -52.81 -67.82
99.02 -54.76 -63.92
98.72 -57.61 -60.17
95.72 -60.17 -53.11
93.02 -61.52 -49.51
89.72 -61.67 -45.31
87.77 -63.17 -45.46
89.12 -60.77 -44.11
87.32 -57.01 -31.96
86.12 -45.76 -23.11
83.87 -36.46 -19.8
79.82 -28.06 -17.7
73.52 -16.5 -18.6
66.02 -7.95 -24.46
58.21 -3.9 -32.11
54.61 0.0 -37.96
54.46 -0.3 -37.06
53.71 -2.7 -34.36
54.31 -7.5 -29.11
48.31 -15.6 -28.06
48.31 -22.96 -25.66
48.91 -25.06 -24.31
51.76 -22.66 -24.31
56.86 -16.05 -23.11
62.42 -13.2 -21.91
64.52 -10.65 -23.56
70.37 -7.65 -23.11
72.62 -9.3 -22.96
70.52 -8.25 -24.61
79.97 -8.25 -24.61
90.32 -13.8 -26.71
96.02 -18.3 -27.61
96.47 -21.46 -27.61
96.02 -24.31 -26.56
94.82 -28.36 -25.96
93.17 -26.71 -23.41
95.12 -33.61 -27.31
92.57 -39.01 -26.86
88.97 -40.81 -23.41
84.77 -46.51 -24.16
78.92 -47.41 -22.21
73.82 -46.81 -21.46
68.87 -45.01 -20.41
66.92 -44.56 -20.56
63.62 -43.96 -20.71
59.71 -41.56 -20.71
54.46 -36.31 -20.71
55.51 -30.31 -21.46
54.01 -23.56 -22.06
55.66 -18.75 -21.91
59.26 -14.85 -21.91
61.67 -15.6 -22.21
59.26 -15.6 -21.61
60.62 -14.25 -22.96
60.47 -12.6 -22.81
58.51 -16.35 -21.91
55.51 -13.95 -24.16
53.41 -13.95 -23.11
48.91 -16.95 -27.31
39.46 -19.5 -35.26
32.26 -24.31 -48.61
34.66 -34.06 -68.42
42.61 -40.36 -82.97
49.81 -39.76 -87.92
56.56 -36.61 -92.72
59.56 -34.96 -94.22
57.31 -35.56 -92.72
56.56 -34.51 -93.32
57.31 -37.66 -92.27
66.32 -42.46 -95.87
82.52 -50.86 -87.77
89.42 -60.62 -71.87
94.37 -60.62 -59.86
97.07 -57.01 -49.06
97.07 -53.56 -38.11
97.07 -39.46 -30.61
94.82 -26.86 -25.66
91.97 -19.8 -25.96
89.72 -12.6 -28.21
81.77 -6.75 -27.31
70.07 -2.55 -29.11
59.71 0.75 -36.76
52.36 3.6 -46.36
49.66 0.3 -49.81
46.51 1.35 -61.07
47.56 -4.95 -76.52
48.61 -22.66 -85.97
49.51 -40.06 -87.62
55.21 -59.11 -76.37
64.67 -67.97 -57.16
75.62 -62.72 -35.41
80.87 -54.16 -25.51
83.12 -43.51 -21.91
80.57 -25.66 -19.95
77.42 -10.8 -22.36
70.97 -0.3 -29.86
57.91 1.5 -36.76
45.16 -6.0 -39.61
37.66 -14.55 -40.66
37.36 -16.35 -42.76
33.91 -19.95 -49.66
32.41 -26.26 -66.92
40.66 -37.36 -79.37
55.81 -52.51 -84.47
74.72 -66.02 -70.67
88.67 -61.67 -44.26
94.67 -51.76 -34.66
94.07 -48.46 -33.46
81.92 -45.46 -23.86
62.72 -39.31 -19.5
46.66 -37.96 -25.21
43.36 -38.86 -29.11
42.16 -37.36 -30.31
42.31 -38.56 -29.41
45.91 -46.51 -29.86
50.56 -53.11 -33.01
58.66 -63.47 -39.16
67.97 -66.47 -46.51
74.57 -66.62 -43.51
60.77 -57.76 -28.21
54.46 -38.41 -22.36
64.97 -25.66 -19.35
86.57 -20.71 -19.35
101.73 -31.96 -33.31
104.58 -47.56 -45.91
93.47 -58.96 -42.01
73.97 -66.77 -42.76
51.01 -61.82 -48.46
38.41 -48.76 -65.57
51.31 -46.51 -85.82
72.32 -60.47 -78.92
75.62 -67.22 -60.92
54.46 -60.62 -37.36
52.51 -37.51 -22.96
69.32 -30.31 -17.7
88.97 -37.66 -22.36
104.43 -42.01 -38.56
106.53 -45.61 -52.96
107.13 -45.91 -59.11
104.88 -43.66 -70.52
100.98 -43.66 -75.62
95.12 -41.41 -84.32
83.42 -37.96 -94.37
64.97 -30.91 -97.07
54.76 -29.56 -92.72
44.56 -25.96 -85.22
36.31 -23.71 -74.12
33.16 -22.96 -66.92
31.36 -25.06 -58.36
32.41 -28.66 -46.81
38.41 -35.41 -34.51
46.96 -41.86 -26.11
60.77 -46.06 -20.41
76.97 -46.81 -20.71
90.02 -49.36 -27.91
96.77 -48.61 -34.66
103.08 -47.56 -41.11
106.08 -47.41 -49.81
106.98 -47.56 -58.21
105.78 -44.56 -66.32
103.68 -47.41 -70.97
101.88 -51.16 -70.07
92.57 -50.71 -80.12
77.72 -45.76 -90.62
55.66 -33.31 -93.92
44.56 -21.46 -83.42
43.21 -22.06 -81.47
39.91 -18.9 -78.02
34.96 -17.85 -67.52
34.21 -17.7 -53.26
37.21 -17.55 -42.16
40.51 -22.66 -32.11
46.36 -27.01 -23.41
52.96 -33.01 -21.01
56.71 -31.51 -19.2
62.27 -29.56 -16.65
70.37 -30.91 -14.55
78.32 -30.76 -16.8
91.67 -35.41 -21.91
99.62 -36.61 -27.91
102.48 -39.76 -34.36
104.73 -39.31 -37.96
103.83 -42.31 -39.16
101.13 -45.61 -37.21
103.08 -49.66 -41.56
101.88 -49.06 -44.11
100.98 -51.76 -42.61
97.67 -54.76 -36.91
91.97 -56.56 -33.91
90.77 -56.71 -33.31
87.77 -56.11 -30.76
88.07 -56.86 -28.36
88.82 -54.01 -28.36
88.67 -53.86 -30.91
88.52 -55.51 -30.16
88.52 -55.51 -27.76
87.47 -56.11 -28.36
86.12 -56.71 -27.61
87.47 -57.91 -26.86
87.02 -58.66 -24.61
87.92 -58.06 -27.16
86.87 -56.71 -33.31
87.32 -58.51 -33.31
87.92 -57.46 -34.66
88.37 -59.11 -37.81
85.82 -63.02 -44.86
79.37 -67.07 -53.56
69.92 -65.57 -68.87
54.31 -56.86 -78.92
43.51 -40.51 -83.42
36.46 -25.36 -75.32
33.61 -17.25 -60.62
38.26 -12.3 -43.51
43.21 -16.05 -31.96
50.41 -23.41 -21.16
60.77 -23.86 -18.3
69.47 -18.75 -18.9
81.77 -20.56 -21.61
88.82 -25.51 -21.91
95.57 -30.46 -26.71
100.53 -39.61 -34.51
103.68 -48.46 -44.11
101.88 -54.01 -53.56
96.92 -58.96 -62.87
90.62 -59.71 -70.07
83.12 -62.12 -74.12
75.02 -58.36 -81.32
68.42 -55.51 -86.42
59.26 -50.56 -89.42
49.21 -43.36 -88.52
45.16 -39.31 -85.97
43.21 -36.31 -83.87
41.26 -37.51 -81.92
38.71 -39.61 -77.12
35.26 -38.56 -72.77
35.56 -38.56 -72.32
33.31 -37.66 -69.77
32.71 -37.06 -66.32
31.51 -31.66 -58.21
31.51 -27.01 -49.66
36.76 -19.95 -37.81
46.36 -13.95 -28.51
60.77 -21.76 -18.0
69.02 -26.26 -16.8
76.82 -25.81 -17.1
78.47 -24.61 -16.2
80.57 -27.46 -16.65
78.02 -31.36 -17.25
78.62 -38.11 -17.1
76.67 -46.51 -19.65
69.02 -52.96 -22.96
60.77 -59.86 -30.31
52.81 -63.62 -43.36
50.26 -62.72 -59.56
48.76 -58.06 -72.62
44.26 -47.86 -79.37
37.66 -38.86 -75.47
35.41 -36.31 -72.92
33.91 -37.96 -65.42
30.91 -36.01 -57.31
31.96 -34.66 -47.56
34.96 -31.36 -36.01
40.36 -30.31 -30.61
43.36 -28.36 -27.76
44.86 -22.81 -28.51
46.81 -23.71 -24.31
48.91 -24.46 -22.66
49.81 -23.26 -22.36
51.61 -23.56 -22.06
51.61 -20.71 -22.06
49.96 -23.41 -22.66
45.91 -30.61 -23.41
45.16 -41.71 -25.36
54.01 -51.46 -25.21
64.97 -54.91 -25.21
76.97 -53.86 -23.41
86.42 -47.71 -22.21
95.42 -41.86 -25.81
96.77 -35.11 -26.86
88.97 -27.01 -22.36
72.92 -20.26 -18.15
65.42 -26.71 -15.9
63.62 -23.86 -19.35
57.46 -25.81 -19.2
51.46 -25.81 -22.21
46.66 -32.41 -24.76
41.86 -40.96 -29.71
42.16 -49.96 -35.71
43.51 -56.71 -45.91
46.21 -61.52 -59.11
48.76 -57.46 -73.52
49.96 -48.76 -83.27
41.41 -30.31 -81.47
32.86 -23.56 -61.67
34.66 -28.51 -36.76
51.91 -43.66 -22.06
79.07 -58.81 -28.51
90.02 -60.17 -37.81
92.72 -60.47 -43.66
96.02 -57.76 -51.76
92.87 -60.17 -67.07
83.57 -57.61 -80.57
62.42 -47.41 -91.82
45.61 -31.96 -87.62
39.46 -24.01 -78.17
34.21 -21.31 -62.12
36.31 -23.41 -39.31
37.51 -26.71 -35.41
41.71 -31.36 -28.21
47.26 -34.36 -24.91
50.71 -32.11 -20.86
55.81 -32.41 -19.05
57.01 -27.31 -18.45
61.37 -31.81 -16.5
75.92 -45.01 -20.41
84.92 -52.66 -27.76
98.87 -52.81 -37.06
104.58 -44.41 -42.61
108.03 -40.06 -53.11
108.78 -38.41 -66.02
108.48 -39.01 -68.12
107.43 -40.81 -69.77
106.08 -43.06 -67.97
104.73 -44.56 -68.27
102.93 -49.06 -68.27
91.82 -52.81 -78.77
70.67 -46.06 -92.27
56.71 -47.71 -88.82
40.81 -41.41 -77.57
31.96 -37.81 -60.77
36.16 -40.06 -40.51
47.56 -44.86 -26.41
54.61 -42.01 -22.21
60.47 -37.36 -19.35
71.27 -33.61 -17.4
84.47 -34.81 -19.05
97.52 -39.01 -28.51
103.38 -42.76 -38.56
104.88 -49.66 -52.06
102.93 -51.16 -59.11
97.52 -54.91 -61.97
90.77 -60.17 -70.22
78.62 -62.57 -76.52
63.77 -58.66 -82.97
47.71 -51.76 -81.77
41.86 -46.96 -78.17
35.86 -42.46 -71.72
32.71 -34.66 -64.82
31.36 -31.81 -56.41
30.76 -27.46 -50.11
32.41 -27.31 -47.11
31.51 -28.51 -46.36
30.76 -29.86 -47.71
35.56 -30.01 -39.61
46.21 -28.66 -24.61
60.32 -26.56 -19.8
